Polarization of Light 'Brewsters' Data File Mon, Mar 16, 2026 5:00 PM
Sensor Position (Degrees)	Light Intensity (Volts)
180.00000	0.06341
180.00000	0.06052
180.00000	0.06358
180.00000	0.06213
180.00000	0.06213
180.00000	0.05842
180.00000	0.05729
180.00000	0.06374
180.00000	0.06245
180.00000	0.06052
180.00000	0.06164
180.00000	0.06229
180.00000	0.06116
180.00000	0.05842
180.00000	0.06213
180.00000	0.05987
180.00000	0.06341
180.00000	0.06180
180.00000	0.05874
180.00000	0.06454
180.00000	0.06422
180.00000	0.06470
180.00000	0.06084
180.00000	0.05955
180.00000	0.06293
180.00000	0.06164
180.00000	0.05939
180.00000	0.06229
180.00000	0.06180
180.00000	0.06100
180.00000	0.06100
179.98333	0.05987
179.98333	0.06019
179.98333	0.06213
179.98333	0.06503
179.96667	0.06293
179.95000	0.06261
179.90000	0.06406
179.85000	0.06535
179.85000	0.06712
179.83333	0.06712
179.81667	0.06261
179.80000	0.06567
179.76667	0.06229
179.71667	0.06422
179.65000	0.06744
179.58333	0.06164
179.53333	0.06519
179.48333	0.06164
179.43333	0.06277
179.38333	0.06052
179.30000	0.06309
179.21667	0.06325
179.13333	0.06213
179.00000	0.06213
178.85000	0.06035
178.76667	0.06374
178.71667	0.06100
178.66667	0.05794
178.61667	0.06003
178.55000	0.06132
178.46667	0.05939
178.40000	0.05456
178.35000	0.03265
178.26667	0.03361
178.18333	0.00236
178.11667	0.01348
178.05000	0.00381
178.00000	0.00269
177.96667	-0.00005
177.93333	0.00075
177.93333	0.00188
177.93333	0.00075
177.93333	0.00204
177.95000	0.00124
177.95000	0.00092
177.95000	0.00188
177.95000	0.00333
177.95000	0.00285
177.95000	0.00075
177.95000	0.00333
177.95000	0.00156
177.95000	0.00027
177.93333	0.00317
177.93333	0.00349
177.93333	0.00977
177.93333	0.00688
177.93333	0.02943
177.91667	0.05375
177.91667	0.05085
177.91667	0.05037
177.90000	0.04876
177.83333	0.00462
177.76667	0.00188
177.68333	0.00188
177.55000	0.00253
177.48333	0.01928
177.41667	0.03571
177.35000	0.01751
177.30000	0.00446
177.26667	0.00478
177.23333	0.00253
177.18333	0.00124
177.10000	0.00510
176.95000	0.00140
176.78333	0.00043
176.75000	-0.00005
176.73333	-0.00037
176.73333	0.00236
176.73333	0.00156
176.73333	-0.00086
176.76667	-0.00005
176.78333	0.00156
176.78333	-0.00037
176.78333	0.00156
176.78333	0.00220
176.78333	0.00075
176.75000	0.00333
176.73333	0.00220
176.73333	0.00285
176.68333	0.00108
176.61667	0.00124
176.46667	0.03039
176.25000	0.02218
175.95000	0.05601
175.70000	0.05391
175.55000	0.00881
175.53333	0.04425
175.53333	0.05890
175.53333	0.05987
175.53333	0.05923
175.53333	0.05568
175.53333	0.05745
175.53333	0.05729
175.50000	0.05488
175.41667	0.05472
175.33333	0.05311
175.23333	0.05665
175.13333	0.05584
175.05000	0.05713
174.96667	0.05407
174.93333	0.05697
174.91667	0.03555
174.88333	0.00188
174.85000	0.00398
174.80000	0.05101
174.70000	0.05439
174.53333	0.05230
174.35000	0.05262
174.23333	0.05085
174.13333	0.04908
174.08333	0.05133
174.03333	0.05359
173.98333	0.05681
173.91667	0.05311
173.85000	0.04038
173.75000	0.01799
173.65000	0.02492
173.56667	0.02459
173.50000	0.04135
173.36667	0.04344
173.21667	0.05246
173.08333	0.05343
172.96667	0.05262
172.96667	0.05456
172.96667	0.05117
172.98333	0.04972
173.00000	0.05520
173.00000	0.05327
173.00000	0.05182
173.00000	0.05246
173.00000	0.05278
173.00000	0.05294
173.00000	0.05584
172.98333	0.05391
172.95000	0.05294
172.90000	0.05423
172.75000	0.05037
172.56667	0.00430
172.41667	0.04231
172.23333	0.04296
172.06667	0.04956
171.96667	0.05069
171.85000	0.05101
171.75000	0.04908
171.66667	0.05262
171.60000	0.05439
171.51667	0.05133
171.41667	0.04940
171.30000	0.05005
171.18333	0.05149
171.11667	0.04940
171.06667	0.04666
171.01667	0.04956
170.95000	0.04408
170.90000	0.04763
170.81667	0.04553
170.78333	0.04988
170.76667	0.05005
170.73333	0.04779
170.71667	0.04811
170.68333	0.04602
170.66667	0.04731
170.61667	0.04908
170.58333	0.04779
170.55000	0.04747
170.55000	0.04940
170.55000	0.04988
170.56667	0.04956
170.58333	0.04811
170.58333	0.04747
170.58333	0.04860
170.58333	0.05069
170.58333	0.04892
170.56667	0.04827
170.56667	0.05037
170.55000	0.05005
170.55000	0.05101
170.53333	0.05069
170.50000	0.04747
170.45000	0.04940
170.36667	0.04119
170.26667	0.01960
170.16667	0.03023
170.05000	0.03281
169.96667	0.03281
169.90000	0.04747
169.80000	0.04360
169.73333	0.04763
169.66667	0.04811
169.60000	0.04666
169.55000	0.04908
169.50000	0.04924
169.46667	0.04505
169.41667	0.04086
169.36667	0.03635
169.31667	0.03055
169.28333	0.02363
169.26667	0.00575
169.26667	0.00639
169.28333	0.00800
169.28333	0.00736
169.30000	0.01074
169.30000	0.01332
169.30000	0.00929
169.30000	0.01525
169.30000	0.01219
169.28333	0.02250
169.25000	0.04360
169.16667	0.04860
169.05000	0.04618
168.86667	0.04215
168.68333	0.04473
168.50000	0.04441
168.38333	0.04473
168.31667	0.04312
168.28333	0.04247
168.23333	0.04328
168.20000	0.04312
168.16667	0.04408
168.11667	0.04215
168.06667	0.04247
168.00000	0.04811
167.93333	0.04441
167.86667	0.04264
167.78333	0.04296
167.70000	0.03925
167.60000	0.04119
167.51667	0.04344
167.45000	0.03974
167.38333	0.04425
167.31667	0.04650
167.25000	0.04344
167.18333	0.04376
167.10000	0.04521
167.03333	0.04312
167.00000	0.04570
166.98333	0.04441
167.00000	0.04102
167.00000	0.04698
167.01667	0.04344
167.01667	0.04521
167.01667	0.04489
167.01667	0.04070
167.01667	0.04650
167.00000	0.04553
166.98333	0.04296
166.91667	0.04247
166.76667	0.04425
166.58333	0.04199
166.46667	0.04151
166.38333	0.04280
166.35000	0.04328
166.31667	0.04119
166.25000	0.04022
166.11667	0.03829
165.96667	0.04247
165.80000	0.03925
165.66667	0.04022
165.60000	0.04119
165.56667	0.04264
165.53333	0.03941
165.48333	0.04006
165.43333	0.04086
165.43333	0.04102
165.43333	0.03941
165.43333	0.03941
165.45000	0.04392
165.45000	0.04215
165.45000	0.04215
165.45000	0.04312
165.45000	0.04344
165.45000	0.04247
165.45000	0.04247
165.43333	0.04183
165.43333	0.03780
165.41667	0.04119
165.41667	0.04199
165.41667	0.04199
165.41667	0.04070
165.41667	0.04231
165.41667	0.04135
165.41667	0.04296
165.41667	0.04392
165.41667	0.03974
165.41667	0.04038
165.41667	0.04247
165.38333	0.04022
165.35000	0.03925
165.28333	0.03957
165.20000	0.04264
165.10000	0.04102
164.95000	0.04280
164.78333	0.04344
164.61667	0.04054
164.48333	0.03941
164.45000	0.03925
164.43333	0.04038
164.41667	0.03957
164.40000	0.03941
164.38333	0.04199
164.31667	0.04328
164.23333	0.04151
164.18333	0.03974
164.15000	0.03829
164.10000	0.03700
164.08333	0.03796
164.08333	0.03812
164.08333	0.03974
164.10000	0.03684
164.10000	0.03329
164.10000	0.04038
164.10000	0.03909
164.10000	0.04054
164.10000	0.03716
164.10000	0.03829
164.10000	0.04038
164.08333	0.03812
164.08333	0.03587
164.08333	0.03635
164.06667	0.03893
164.05000	0.03732
164.03333	0.03684
164.00000	0.03506
163.98333	0.03748
163.95000	0.03925
163.91667	0.03506
163.86667	0.03925
163.80000	0.03974
163.75000	0.04054
163.68333	0.03635
163.60000	0.03990
163.48333	0.03877
163.36667	0.03458
163.30000	0.03748
163.25000	0.03168
163.23333	0.03748
163.21667	0.03668
163.20000	0.03651
163.20000	0.03619
163.18333	0.03909
163.16667	0.03909
163.13333	0.04038
163.10000	0.04022
163.06667	0.03716
163.03333	0.03587
163.00000	0.03442
163.00000	0.03394
163.01667	0.03635
163.01667	0.03571
163.01667	0.03587
163.01667	0.03329
163.01667	0.03571
163.01667	0.03394
163.01667	0.03200
163.01667	0.03378
163.01667	0.03394
163.00000	0.03120
162.98333	0.03265
162.95000	0.03651
162.91667	0.03410
162.83333	0.03410
162.78333	0.03474
162.68333	0.03539
162.51667	0.03394
162.38333	0.03055
162.31667	0.03700
162.30000	0.03684
162.25000	0.03426
162.20000	0.03168
162.16667	0.02991
162.13333	0.03200
162.05000	0.03410
161.91667	0.02878
161.78333	0.03426
161.68333	0.03651
161.60000	0.02830
161.51667	0.03136
161.46667	0.03104
161.41667	0.03104
161.35000	0.03039
161.28333	0.03120
161.21667	0.03313
161.13333	0.03587
161.01667	0.03603
160.93333	0.03265
160.90000	0.03200
160.90000	0.03329
160.90000	0.02894
160.91667	0.03136
160.91667	0.02991
160.91667	0.03313
160.91667	0.02846
160.91667	0.02830
160.91667	0.02959
160.91667	0.03023
160.91667	0.02862
160.90000	0.03297
160.90000	0.03039
160.90000	0.03233
160.88333	0.03039
160.85000	0.03120
160.81667	0.03120
160.75000	0.02749
160.68333	0.03249
160.61667	0.03104
160.55000	0.03168
160.48333	0.03184
160.36667	0.02878
160.18333	0.01912
160.03333	0.02105
159.90000	0.00510
159.76667	0.00575
159.65000	0.00816
159.55000	0.00929
159.48333	0.00768
159.43333	0.00220
159.41667	0.00510
159.38333	0.00220
159.35000	0.00526
159.30000	0.00188
159.26667	0.00365
159.21667	0.00446
159.16667	0.00317
159.11667	0.00285
159.11667	0.00333
159.13333	0.00494
159.13333	0.00236
159.13333	0.00140
159.13333	0.00478
159.13333	0.00140
159.13333	0.00430
159.13333	0.00414
159.13333	0.01026
159.13333	0.01590
159.13333	0.01863
159.11667	0.01509
159.11667	0.01735
159.10000	0.01702
159.08333	0.01863
159.06667	0.01606
158.98333	0.01654
158.85000	0.02427
158.68333	0.01638
158.55000	0.01284
158.46667	0.01074
158.43333	0.02653
158.40000	0.02685
158.38333	0.02814
158.33333	0.02701
158.31667	0.02492
158.26667	0.02814
158.21667	0.02588
158.13333	0.02749
158.01667	0.02443
157.93333	0.02379
157.86667	0.02169
157.83333	0.02492
157.78333	0.02492
157.76667	0.02298
157.76667	0.02314
157.75000	0.02282
157.75000	0.02057
157.71667	0.02395
157.68333	0.02459
157.65000	0.02379
157.61667	0.02798
157.58333	0.02524
157.53333	0.02508
157.45000	0.02041
157.35000	0.01880
157.26667	0.01751
157.23333	0.01670
157.20000	0.01171
157.18333	0.02073
157.16667	0.01477
157.11667	0.02459
157.06667	0.02121
157.03333	0.02250
157.01667	0.01976
156.96667	0.01654
156.91667	0.01557
156.88333	0.01541
156.85000	0.01638
156.81667	0.02943
156.76667	0.02202
156.73333	0.01944
156.71667	0.02669
156.68333	0.02540
156.65000	0.01944
156.61667	0.02476
156.58333	0.02395
156.51667	0.02540
156.45000	0.02347
156.40000	0.02041
156.35000	0.01783
156.33333	0.01976
156.31667	0.02024
156.30000	0.01847
156.28333	0.02024
156.26667	0.02041
156.26667	0.02057
156.26667	0.01718
156.28333	0.01880
156.28333	0.02186
156.28333	0.01912
156.28333	0.01976
156.28333	0.02169
156.28333	0.02395
156.28333	0.02186
156.28333	0.02186
156.28333	0.02492
156.28333	0.01992
156.28333	0.02250
156.28333	0.02379
156.28333	0.01960
156.28333	0.02395
156.28333	0.02121
156.28333	0.01944
156.28333	0.02024
156.30000	0.02153
156.30000	0.02073
156.30000	0.02024
156.30000	0.02186
156.30000	0.02073
156.30000	0.02379
156.30000	0.02121
156.30000	0.02089
156.30000	0.02024
156.30000	0.01928
156.30000	0.01783
156.30000	0.01960
156.30000	0.01590
156.30000	0.01896
156.30000	0.01686
156.30000	0.01992
156.30000	0.02073
156.30000	0.01944
156.30000	0.01944
156.30000	0.02250
156.30000	0.01847
156.30000	0.01590
156.30000	0.02089
156.30000	0.02282
156.30000	0.02041
156.30000	0.01928
156.30000	0.02024
156.28333	0.02041
156.28333	0.01976
156.28333	0.02008
156.28333	0.02137
156.28333	0.01992
156.26667	0.02121
156.26667	0.02121
156.25000	0.01783
156.20000	0.02186
156.11667	0.02008
156.00000	0.02008
155.80000	0.01863
155.61667	0.02041
155.45000	0.02153
155.40000	0.01815
155.36667	0.01944
155.35000	0.02218
155.30000	0.01847
155.26667	0.02057
155.23333	0.01976
155.18333	0.01606
155.13333	0.01767
155.08333	0.01847
155.05000	0.01590
155.01667	0.01606
154.91667	0.01445
154.83333	0.01992
154.76667	0.01751
154.73333	0.02057
154.70000	0.01316
154.65000	0.01557
154.58333	0.02008
154.53333	0.01525
154.48333	0.01348
154.43333	0.01622
154.40000	0.01638
154.35000	0.01348
154.31667	0.01912
154.28333	0.02073
154.23333	0.01751
154.20000	0.01541
154.16667	0.01880
154.11667	0.01670
154.06667	0.01718
154.03333	0.01461
153.96667	0.01896
153.93333	0.01638
153.90000	0.01364
153.86667	0.01847
153.81667	0.01606
153.78333	0.01880
153.71667	0.01686
153.60000	0.01557
153.48333	0.01670
153.38333	0.01445
153.31667	0.01751
153.30000	0.01380
153.28333	0.01509
153.25000	0.01606
153.21667	0.01686
153.21667	0.01557
153.21667	0.01461
153.20000	0.01767
153.20000	0.01606
153.18333	0.02057
153.18333	0.01928
153.20000	0.01573
153.20000	0.01654
153.21667	0.01783
153.21667	0.01622
153.21667	0.01815
153.21667	0.01702
153.21667	0.01267
153.21667	0.01880
153.21667	0.01799
153.20000	0.01590
153.20000	0.01638
153.18333	0.01541
153.18333	0.01702
153.16667	0.02024
153.15000	0.01718
153.11667	0.01847
153.05000	0.01445
152.95000	0.01332
152.88333	0.01203
152.85000	0.01219
152.81667	0.01445
152.80000	0.01316
152.76667	0.01251
152.75000	0.01267
152.71667	0.01316
152.71667	0.01557
152.71667	0.01396
152.71667	0.01251
152.71667	0.01203
152.71667	0.01638
152.71667	0.01412
152.71667	0.01541
152.71667	0.01541
152.71667	0.01396
152.71667	0.01396
152.71667	0.00994
152.71667	0.01090
152.70000	0.01702
152.68333	0.01284
152.66667	0.01525
152.63333	0.01396
152.55000	0.01493
152.43333	0.01783
152.30000	0.01380
152.13333	0.01139
152.01667	0.00994
151.96667	0.01316
151.93333	0.01203
151.90000	0.00945
151.85000	0.01010
151.78333	0.00575
151.65000	0.01412
151.48333	0.00671
151.25000	0.01573
151.11667	0.01139
151.06667	0.01139
151.06667	0.01284
151.05000	0.01139
151.05000	0.01316
151.03333	0.01412
151.01667	0.01219
150.96667	0.01461
150.91667	0.01445
150.83333	0.01074
150.71667	0.01106
150.65000	0.01010
150.61667	0.00994
150.55000	0.00639
150.48333	0.00559
150.45000	0.00543
150.43333	0.00526
150.41667	0.01139
150.40000	0.01090
150.36667	0.01171
150.33333	0.00736
150.28333	0.00688
150.25000	0.00994
150.18333	0.01187
150.11667	0.01010
150.05000	0.01026
149.93333	0.01122
149.88333	0.01090
149.88333	0.01235
149.90000	0.01412
149.90000	0.01171
149.90000	0.01219
149.90000	0.00945
149.91667	0.01090
149.91667	0.01106
149.91667	0.01139
149.91667	0.01332
149.90000	0.01058
149.90000	0.01074
149.88333	0.01010
149.86667	0.00865
149.81667	0.00720
149.75000	0.01042
149.70000	0.00720
149.66667	0.00768
149.65000	0.00961
149.61667	0.01139
149.60000	0.00800
149.51667	0.01219
149.36667	0.01090
149.23333	0.00849
149.08333	0.01042
148.91667	0.00816
148.83333	0.01010
148.78333	0.00736
148.75000	0.01171
148.71667	0.00994
148.65000	0.00945
148.58333	0.00849
148.51667	0.01058
148.45000	0.00752
148.35000	0.00768
148.30000	0.00333
148.25000	0.00639
148.21667	0.00752
148.15000	0.00816
148.06667	0.00849
147.95000	0.00639
147.88333	0.00849
147.83333	0.00430
147.78333	0.00832
147.71667	0.00800
147.66667	0.00398
147.60000	0.00398
147.58333	0.00526
147.56667	0.00559
147.56667	0.00526
147.56667	0.00543
147.56667	0.00381
147.56667	0.00688
147.58333	0.00575
147.58333	0.00881
147.58333	0.00478
147.58333	0.00381
147.58333	0.00510
147.58333	0.00349
147.58333	0.00220
147.56667	0.00639
147.56667	0.00543
147.55000	0.00688
147.50000	0.00430
147.41667	0.00704
147.35000	0.00301
147.25000	0.00736
147.15000	0.00543
147.06667	0.00140
146.95000	0.00333
146.83333	0.00752
146.65000	0.00365
146.45000	0.00349
146.28333	0.00526
146.21667	0.00591
146.20000	0.00543
146.18333	0.00462
146.15000	0.00204
146.13333	0.00333
146.10000	0.00430
146.03333	0.00365
145.96667	0.00462
145.90000	0.00623
145.80000	0.00430
145.71667	0.00172
145.63333	0.00623
145.50000	0.00188
145.41667	0.00607
145.35000	0.00301
145.33333	0.00414
145.33333	0.00349
145.31667	0.00462
145.30000	0.00124
145.26667	0.00688
145.21667	0.00156
145.13333	0.00381
145.05000	0.00478
145.00000	0.00639
144.95000	0.00639
144.88333	0.00494
144.78333	0.00285
144.68333	0.00639
144.58333	0.00800
144.53333	0.00607
144.48333	0.00462
144.43333	0.00591
144.38333	0.00559
144.30000	0.00301
144.23333	0.00510
144.13333	0.00510
144.05000	0.00365
144.01667	0.00253
144.01667	0.00301
144.01667	0.00462
144.03333	0.00462
144.03333	0.00462
144.03333	0.00075
144.03333	0.00236
144.03333	0.00430
144.03333	0.00414
144.03333	0.00494
144.01667	0.00317
144.01667	0.00156
144.00000	0.00446
143.96667	0.00108
143.90000	0.00253
143.80000	0.00446
143.65000	0.00301
143.43333	0.00381
143.26667	0.00526
143.15000	0.00462
143.05000	0.00333
142.98333	0.00188
142.93333	0.00430
142.85000	0.00172
142.76667	0.00285
142.70000	0.00317
142.63333	0.00446
142.60000	0.00381
142.51667	0.00398
142.40000	0.00220
142.25000	0.00365
142.10000	0.00607
142.06667	0.00365
142.01667	0.00365
141.96667	0.00494
141.93333	0.00510
141.90000	0.00575
141.88333	0.00236
141.86667	0.00172
141.85000	0.00430
141.83333	0.00430
141.81667	0.00365
141.80000	0.00510
141.78333	0.00381
141.73333	0.00301
141.66667	0.00398
141.58333	0.00398
141.40000	0.00285
141.31667	0.00156
141.31667	0.00317
141.31667	0.00398
141.33333	0.00365
141.35000	0.00140
141.36667	0.00140
141.36667	0.00156
141.36667	0.00414
141.36667	0.00494
141.36667	0.00220
141.36667	0.00269
141.36667	0.00269
141.36667	0.00381
141.36667	0.00333
141.36667	0.00269
141.36667	0.00253
141.35000	0.00333
141.35000	0.00446
141.33333	0.00462
141.31667	0.00430
141.31667	0.00462
141.28333	0.00381
141.25000	0.00172
141.21667	-0.00005
141.18333	0.00043
141.16667	-0.00005
141.15000	-0.00150
141.13333	-0.00182
141.11667	-0.00118
141.08333	-0.00134
141.01667	-0.00150
140.85000	-0.00118
140.63333	-0.00134
140.51667	-0.00021
140.48333	-0.00134
140.45000	-0.00070
140.43333	-0.00021
140.41667	-0.00037
140.40000	0.00011
140.36667	0.00156
140.31667	-0.00037
140.23333	-0.00005
140.11667	0.00027
140.01667	0.00204
139.90000	-0.00005
139.76667	-0.00005
139.66667	0.00414
139.61667	0.00349
139.58333	-0.00037
139.56667	0.00027
139.51667	0.06841
139.46667	0.00365
139.43333	0.00253
139.40000	-0.00005
139.35000	0.29827
139.28333	0.00092
139.20000	0.00510
139.08333	-0.00037
139.00000	-0.00021
138.96667	0.00333
138.95000	0.00349
138.93333	-0.00037
138.93333	-0.00005
138.96667	0.00172
138.98333	0.00156
138.98333	0.00349
138.98333	0.00510
138.98333	0.00301
138.98333	0.00478
138.98333	0.00301
138.98333	0.00301
138.98333	0.00559
138.96667	0.00301
138.95000	0.00236
138.95000	0.00494
138.91667	0.00414
138.90000	0.00285
138.86667	0.00414
138.83333	0.00510
138.75000	0.00430
138.60000	0.00156
138.41667	0.00301
138.28333	0.00204
138.21667	0.00156
138.16667	0.00414
138.13333	0.00381
138.06667	0.00172
137.98333	0.00349
137.88333	0.00269
137.76667	0.00398
137.65000	0.00398
137.51667	0.00140
137.41667	0.00220
137.35000	0.00285
137.30000	0.00236
137.23333	0.00285
137.16667	0.00253
137.11667	0.00365
137.06667	0.00317
136.96667	0.00349
136.83333	0.00253
136.73333	0.00494
136.68333	0.00172
136.65000	0.00381
136.65000	0.00253
136.65000	0.00430
136.65000	0.00414
136.65000	0.00172
136.65000	0.00333
136.65000	0.00108
136.65000	0.00349
136.65000	0.00398
136.65000	0.00333
136.65000	0.00220
136.65000	0.00655
136.65000	0.00462
136.65000	0.00156
136.65000	0.00430
136.65000	0.00462
136.65000	0.00253
136.65000	0.00349
136.65000	0.00236
136.65000	0.00430
136.63333	0.00478
136.63333	0.00655
136.61667	0.00510
136.58333	0.00446
136.56667	0.00285
136.55000	0.00381
136.53333	0.00430
136.48333	0.00430
136.38333	0.00398
136.25000	0.00236
136.06667	0.00269
135.91667	0.00108
135.78333	0.00059
135.70000	0.00140
135.61667	0.00108
135.53333	0.00156
135.43333	-0.00005
135.28333	-0.00070
135.15000	0.00075
135.03333	0.00156
134.95000	0.00349
134.88333	0.00156
134.86667	0.00236
134.81667	0.00349
134.73333	0.00317
134.65000	0.00253
134.63333	0.00349
134.63333	0.00365
134.63333	0.00623
134.65000	0.00446
134.70000	0.00462
134.70000	0.00156
134.70000	0.00220
134.70000	0.00462
134.70000	0.00510
134.70000	0.00349
134.70000	0.00349
134.70000	0.00462
134.70000	0.00381
134.66667	0.00446
134.66667	0.00140
134.65000	0.00575
134.63333	0.00285
134.61667	0.00494
134.60000	0.00365
134.58333	0.00526
134.51667	0.00398
134.46667	0.00398
134.43333	0.00430
134.38333	0.00301
134.33333	0.00381
134.30000	0.00832
134.26667	0.00398
134.21667	0.00301
134.13333	0.00623
134.03333	0.00543
133.96667	0.00349
133.91667	0.00301
133.85000	0.00253
133.78333	0.00236
133.73333	0.00414
133.66667	0.00639
133.60000	0.00543
133.55000	0.00478
133.50000	0.00333
133.45000	0.00430
133.43333	0.00414
133.40000	0.00752
133.33333	0.00398
133.23333	0.00365
133.15000	0.00639
133.11667	0.00172
133.08333	0.00430
133.06667	0.00333
133.03333	0.00575
133.00000	0.00430
133.00000	0.00381
133.00000	0.00671
133.00000	0.00430
133.00000	0.00575
133.00000	0.00655
133.01667	0.00607
133.01667	0.00639
133.01667	0.00543
133.01667	0.00317
133.01667	0.00381
133.01667	0.00526
133.01667	0.00559
133.01667	0.00446
133.01667	0.00430
133.01667	0.00285
133.01667	0.00494
133.01667	0.00688
133.00000	0.00430
133.00000	0.00526
132.98333	0.00655
132.95000	0.00462
132.90000	0.00607
132.85000	0.00607
132.85000	0.00543
132.83333	0.00478
132.73333	0.00623
132.56667	0.00510
132.48333	0.00253
132.35000	0.00720
132.16667	0.00478
132.08333	0.00301
132.08333	0.00510
132.08333	0.00816
132.08333	0.00559
132.08333	0.00526
132.05000	0.00478
132.01667	0.00285
131.98333	0.00381
131.98333	0.00349
131.93333	0.00220
131.81667	0.00301
131.68333	0.00639
131.60000	0.00365
131.58333	0.00301
131.53333	0.00543
131.45000	0.00462
131.35000	0.00623
131.30000	0.00543
131.21667	0.00462
131.03333	0.00575
130.90000	0.00510
130.86667	-0.00134
130.85000	0.00092
130.83333	0.00156
130.83333	-0.00053
130.80000	-0.00037
130.75000	0.00333
130.60000	0.00253
130.36667	-0.00021
130.13333	0.00188
130.06667	0.03523
130.06667	0.00559
130.06667	-0.00037
130.08333	-0.00070
130.11667	0.00849
130.16667	0.00800
130.15000	0.00849
130.16667	0.00688
130.16667	0.00961
130.16667	0.00849
130.16667	0.00704
130.16667	0.01122
130.15000	0.00897
130.11667	0.00607
130.10000	0.00881
130.06667	0.00623
130.03333	0.01090
129.96667	0.00800
129.88333	0.00720
129.83333	0.00752
129.78333	0.00897
129.73333	0.01026
129.66667	0.01010
129.53333	0.00977
129.41667	0.01364
129.40000	0.01026
129.40000	0.01026
129.36667	0.00720
129.33333	0.01155
129.31667	0.01267
129.30000	0.00994
129.26667	0.01235
129.21667	0.01139
129.11667	0.00977
129.05000	0.01235
128.98333	0.00526
128.91667	0.01267
128.86667	0.00575
128.78333	0.00414
128.71667	0.00365
128.66667	0.00204
128.65000	0.00204
128.63333	0.00381
128.60000	0.00124
128.53333	-0.00021
128.48333	-0.00021
128.46667	0.00092
128.46667	0.00156
128.43333	0.00365
128.40000	0.00236
128.33333	0.01445
128.30000	0.01541
128.28333	0.01235
128.28333	0.01509
128.25000	0.00655
128.18333	0.00269
128.10000	0.00494
128.08333	0.00414
128.06667	0.00526
128.01667	0.01541
127.93333	0.01364
127.88333	0.01735
127.88333	0.01654
127.90000	0.01461
127.96667	0.02331
127.95000	0.01187
127.96667	0.02427
127.95000	0.02476
127.95000	0.02379
127.95000	0.02347
127.93333	0.01654
127.93333	0.01622
127.91667	0.01396
127.86667	0.01316
127.78333	0.01300
127.56667	0.01396
127.31667	0.01767
127.18333	0.01735
127.11667	0.01831
127.06667	0.01847
127.01667	0.02057
126.98333	0.02073
126.90000	0.01654
126.81667	0.01847
126.76667	0.01702
126.75000	0.01606
126.71667	0.02057
126.63333	0.02089
126.58333	0.01735
126.51667	0.01767
126.50000	0.01847
126.43333	0.01992
126.38333	0.02105
126.33333	0.01799
126.26667	0.02121
126.18333	0.02186
126.11667	0.02186
126.08333	0.01992
126.05000	0.01863
125.98333	0.02121
125.95000	0.02395
125.91667	0.02153
125.90000	0.02250
125.90000	0.02153
125.86667	0.02395
125.86667	0.02572
125.86667	0.02298
125.86667	0.02685
125.86667	0.02169
125.86667	0.02202
125.88333	0.02443
125.88333	0.02556
125.90000	0.01944
125.91667	0.02814
125.95000	0.02959
125.95000	0.03152
125.95000	0.02910
125.95000	0.02959
125.95000	0.02830
125.93333	0.02894
125.91667	0.02508
125.91667	0.02379
125.90000	0.02379
125.90000	0.02347
125.90000	0.02363
125.88333	0.02234
125.85000	0.02411
125.83333	0.02363
125.81667	0.02379
125.80000	0.02411
125.76667	0.02169
125.70000	0.01090
125.65000	0.00994
125.58333	0.00333
125.48333	0.00494
125.41667	0.00333
125.33333	0.00398
125.23333	0.00285
125.15000	0.01235
125.08333	0.00639
124.98333	0.01396
124.90000	0.00816
124.83333	0.01686
124.76667	0.01139
124.71667	0.01203
124.68333	0.00929
124.58333	0.00897
124.50000	0.00720
124.43333	0.00591
124.38333	0.00591
124.33333	0.00220
124.31667	0.00526
124.31667	0.00478
124.26667	0.00236
124.20000	0.00220
124.16667	0.00075
124.16667	0.00204
124.16667	0.00253
124.18333	0.00204
124.25000	0.00156
124.25000	0.00253
124.25000	0.00494
124.25000	0.00510
124.25000	0.00172
124.25000	0.00430
124.23333	0.00365
124.18333	0.00172
124.13333	0.00059
123.98333	-0.00021
123.70000	0.00188
123.40000	0.01026
123.08333	-0.00005
122.78333	-0.00037
122.60000	0.05874
122.53333	0.03635
122.50000	-0.00005
122.48333	-0.00021
122.43333	0.10272
122.38333	0.03265
122.31667	0.02620
122.21667	-0.00021
122.15000	0.32356
122.13333	0.02169
122.10000	0.02443
122.06667	-0.00021
122.01667	-0.00037
121.96667	0.01058
121.90000	0.00559
121.83333	-0.00005
121.78333	-0.00037
121.73333	0.00204
121.70000	0.00269
121.65000	0.00011
121.60000	-0.00037
121.58333	0.00236
121.60000	0.00253
121.61667	-0.00037
121.63333	-0.00037
121.65000	0.01944
121.65000	0.04135
121.65000	0.04215
121.65000	0.04505
121.65000	0.04392
121.65000	0.04199
121.65000	0.04441
121.65000	0.04135
121.63333	0.04457
121.61667	0.04360
121.58333	0.04280
121.58333	0.04634
121.51667	0.03394
121.45000	0.02008
121.35000	0.01622
121.25000	0.00333
121.20000	0.00430
121.18333	0.04231
121.15000	0.04521
121.11667	0.05617
121.10000	0.05230
120.95000	0.05858
120.78333	0.05794
120.71667	0.05633
120.65000	0.06213
120.55000	0.05939
120.41667	0.05826
120.30000	0.06003
120.28333	0.05391
120.25000	0.05343
120.20000	0.06197
120.11667	0.06422
120.06667	0.06213
120.03333	0.06035
120.00000	0.05955
119.91667	0.06454
119.85000	0.06390
119.80000	0.06374
119.75000	0.06760
119.68333	0.06422
119.65000	0.06486
119.61667	0.06454
119.58333	0.06937
119.56667	0.06696
119.50000	0.06567
119.43333	0.06551
119.35000	0.06422
119.26667	0.06486
119.23333	0.06486
119.16667	0.06648
119.13333	0.06583
119.10000	0.06776
119.10000	0.06744
119.10000	0.06825
119.10000	0.06921
119.11667	0.06857
119.13333	0.06970
119.15000	0.06921
119.15000	0.07002
119.15000	0.07308
119.15000	0.07904
119.15000	0.07678
119.15000	0.07920
119.15000	0.07743
119.15000	0.07566
119.15000	0.07614
119.15000	0.07791
119.15000	0.07727
119.13333	0.08081
119.10000	0.07421
119.08333	0.08355
119.03333	0.07469
118.90000	0.00398
118.80000	0.02782
118.66667	0.00333
118.58333	0.01316
118.48333	0.06954
118.41667	0.08097
118.33333	0.07453
118.25000	0.08371
118.16667	0.06986
118.10000	0.06454
118.01667	0.03474
117.88333	0.02459
117.81667	0.02975
117.75000	0.01477
117.66667	0.06245
117.61667	0.07856
117.56667	0.07823
117.53333	0.06970
117.46667	0.05971
117.36667	0.04312
117.28333	0.04344
117.21667	0.06873
117.16667	0.05697
117.15000	0.06003
117.10000	0.04731
117.05000	0.02910
117.01667	0.01735
116.98333	0.01090
116.91667	0.00929
116.81667	0.01284
116.80000	0.01171
116.80000	0.02459
116.80000	0.01509
116.81667	0.02604
116.85000	0.06438
116.83333	0.06309
116.85000	0.06277
116.83333	0.06213
116.83333	0.06486
116.83333	0.07131
116.83333	0.06648
116.83333	0.06358
116.81667	0.06084
116.81667	0.06068
116.76667	0.05472
116.71667	0.05472
116.63333	0.04006
116.48333	0.02669
116.35000	0.08935
116.21667	0.06486
116.08333	0.06873
116.00000	0.05472
115.93333	0.09885
115.83333	0.08951
115.71667	0.11303
115.63333	0.10965
115.58333	0.10932
115.48333	0.10691
115.33333	0.10787
115.21667	0.10787
115.13333	0.11254
115.05000	0.10932
114.96667	0.11625
114.86667	0.11335
114.76667	0.11770
114.66667	0.11142
114.60000	0.11432
114.55000	0.11931
114.46667	0.12140
114.35000	0.11416
114.23333	0.12237
114.20000	0.12092
114.20000	0.12511
114.20000	0.12463
114.21667	0.12350
114.23333	0.12688
114.25000	0.13139
114.28333	0.19599
114.30000	0.22208
114.30000	0.22756
114.30000	0.22707
114.30000	0.22353
114.30000	0.22691
114.30000	0.24447
114.30000	0.25430
114.30000	0.25285
114.30000	0.23771
114.28333	0.20935
114.25000	0.19566
114.25000	0.18696
114.23333	0.18374
114.21667	0.19969
114.18333	0.16957
114.15000	0.16441
114.10000	0.15008
114.00000	0.13638
113.86667	0.13590
113.78333	0.14009
113.71667	0.13767
113.70000	0.13767
113.66667	0.13880
113.61667	0.14170
113.56667	0.13800
113.45000	0.13381
113.35000	0.14041
113.26667	0.14428
113.21667	0.14218
113.20000	0.14637
113.16667	0.14283
113.10000	0.14202
113.03333	0.14669
112.93333	0.15426
112.81667	0.15684
112.70000	0.16167
112.61667	0.16055
112.53333	0.16828
112.43333	0.15426
112.40000	0.15298
112.40000	0.16312
112.41667	0.17247
112.41667	0.16908
112.46667	0.16618
112.45000	0.17021
112.45000	0.16892
112.45000	0.17037
112.45000	0.17053
112.45000	0.16892
112.45000	0.17021
112.45000	0.17166
112.45000	0.17086
112.45000	0.16989
112.41667	0.16683
112.40000	0.16490
112.36667	0.16925
112.33333	0.16651
112.30000	0.16425
112.28333	0.16184
112.25000	0.15733
112.21667	0.13832
112.15000	0.11126
112.08333	0.07437
111.95000	0.01316
111.86667	0.00236
111.83333	0.00140
111.76667	0.00172
111.65000	-0.00005
111.55000	0.00140
111.48333	-0.00005
111.41667	0.00398
111.36667	0.00559
111.33333	0.00494
111.31667	0.00349
111.30000	0.00800
111.26667	0.01751
111.18333	0.00462
111.06667	0.00510
110.95000	0.02137
110.90000	0.02653
110.88333	0.04618
110.88333	0.05230
110.90000	0.03974
110.90000	0.08081
110.95000	0.17037
110.95000	0.17440
110.95000	0.17102
110.95000	0.17231
110.95000	0.16844
110.95000	0.17392
110.95000	0.17424
110.95000	0.17005
110.93333	0.17037
110.91667	0.16522
110.88333	0.15861
110.85000	0.14508
110.81667	0.13590
110.78333	0.12060
110.71667	0.07566
110.60000	0.01831
110.50000	0.00381
110.41667	0.00156
110.38333	-0.00021
110.33333	-0.00070
110.26667	0.00075
110.23333	-0.00005
110.16667	-0.00102
110.00000	0.00027
109.88333	0.00059
109.81667	0.00236
109.73333	0.00011
109.66667	-0.00086
109.56667	0.00027
109.41667	-0.00053
109.26667	-0.00021
109.13333	-0.00118
109.05000	0.00059
109.03333	-0.00070
109.00000	0.00108
108.96667	0.00027
108.88333	-0.00037
108.78333	-0.00053
108.73333	-0.00134
108.71667	0.00075
108.66667	0.00092
108.56667	0.00172
108.48333	-0.00102
108.43333	-0.00118
108.40000	0.00011
108.35000	-0.00037
108.31667	-0.00005
108.28333	0.00027
108.23333	0.00317
108.23333	-0.00005
108.21667	-0.00021
108.16667	0.00043
108.08333	0.01235
108.06667	-0.00021
108.05000	-0.00037
108.01667	0.05987
108.01667	0.04392
108.01667	-0.00037
108.01667	-0.00021
108.01667	0.01284
108.03333	0.01477
108.06667	-0.00070
108.06667	-0.00037
108.10000	0.06728
108.10000	0.06535
108.11667	-0.00037
108.11667	-0.00021
108.11667	0.16006
108.11667	0.07598
108.11667	0.07662
108.11667	0.00285
108.11667	0.34772
108.10000	0.08919
108.08333	0.07163
108.05000	-0.00005
107.98333	-0.00021
107.95000	0.00381
107.91667	0.00301
107.86667	0.00349
107.81667	0.00253
107.80000	0.00317
107.76667	-0.00037
107.68333	0.00204
107.58333	0.00140
107.45000	0.00108
107.35000	0.00075
107.30000	0.00172
107.26667	0.00059
107.21667	0.00043
107.15000	0.00043
107.10000	0.01139
107.06667	0.07340
107.01667	0.19131
106.93333	0.16731
106.88333	0.13123
106.85000	0.13365
106.80000	0.28313
106.71667	0.28957
106.61667	0.29634
106.58333	0.29827
106.53333	0.29827
106.48333	0.30149
106.36667	0.27846
106.33333	0.27379
106.33333	0.28184
106.35000	0.28088
106.35000	0.28410
106.36667	0.29070
106.38333	0.29956
106.41667	0.29473
106.41667	0.30165
106.41667	0.29924
106.41667	0.29521
106.41667	0.30198
106.41667	0.29892
106.41667	0.29763
106.41667	0.30004
106.41667	0.29779
106.41667	0.30037
106.41667	0.30069
106.40000	0.29940
106.36667	0.29714
106.35000	0.30214
106.30000	0.29457
106.26667	0.28909
106.25000	0.27475
106.18333	0.24479
106.10000	0.19325
106.00000	0.10288
105.88333	0.02765
105.73333	0.00881
105.58333	0.00172
105.48333	0.00043
105.46667	0.00140
105.43333	-0.00005
105.43333	0.00188
105.40000	0.00011
105.35000	-0.00150
105.30000	-0.00053
105.26667	0.00011
105.20000	0.00124
105.10000	-0.00070
105.01667	0.00059
104.96667	0.00075
104.95000	0.00381
104.91667	0.00333
104.90000	0.00543
104.86667	0.00204
104.76667	0.00349
104.65000	0.25800
104.58333	0.32807
104.41667	0.32807
104.31667	0.35964
104.33333	0.34853
104.33333	0.24995
104.33333	0.25252
104.31667	0.24769
104.30000	0.23384
104.20000	0.28748
104.08333	0.35417
104.03333	0.37189
104.00000	0.37140
103.98333	0.37704
103.98333	0.37769
103.98333	0.37446
103.95000	0.38429
103.90000	0.38123
103.81667	0.38203
103.63333	0.38558
103.53333	0.38381
103.48333	0.37769
103.40000	0.38107
103.33333	0.38123
103.28333	0.38526
103.28333	0.39299
103.30000	0.39347
103.31667	0.39798
103.38333	0.39218
103.45000	0.39573
103.50000	0.41554
103.50000	0.41602
103.50000	0.41554
103.50000	0.41264
103.50000	0.40716
103.50000	0.41490
103.50000	0.41651
103.48333	0.41151
103.43333	0.40604
103.33333	0.39766
103.28333	0.39154
103.25000	0.40088
103.25000	0.39943
103.25000	0.39911
103.25000	0.39927
103.25000	0.40120
103.25000	0.40008
103.25000	0.40040
103.25000	0.39911
103.23333	0.39814
103.23333	0.40249
103.23333	0.39718
103.23333	0.39895
103.23333	0.40169
103.23333	0.40056
103.23333	0.39991
103.23333	0.39975
103.23333	0.40104
103.23333	0.39782
103.23333	0.40233
103.23333	0.39911
103.23333	0.39669
103.21667	0.39814
103.20000	0.39911
103.16667	0.40620
103.13333	0.41409
103.10000	0.41167
103.08333	0.41731
103.06667	0.42182
103.06667	0.41957
103.06667	0.42585
103.05000	0.42327
103.05000	0.42794
103.05000	0.42456
103.05000	0.42343
103.05000	0.42875
103.05000	0.42891
103.05000	0.42633
103.05000	0.43036
103.05000	0.42778
103.03333	0.42971
102.98333	0.42375
102.93333	0.42456
102.90000	0.43084
102.88333	0.42601
102.85000	0.42311
102.80000	0.41264
102.76667	0.40716
102.75000	0.40507
102.73333	0.40958
102.68333	0.40265
102.61667	0.35256
102.51667	0.40620
102.36667	0.44808
102.25000	0.44566
102.18333	0.44212
102.16667	0.43358
102.16667	0.44099
102.16667	0.43761
102.15000	0.43857
102.15000	0.43439
102.13333	0.43841
102.11667	0.43938
102.11667	0.43970
102.11667	0.43761
102.11667	0.44276
102.11667	0.44437
102.11667	0.44276
102.11667	0.44131
102.10000	0.44260
102.03333	0.44405
101.98333	0.44518
101.95000	0.44341
101.91667	0.44727
101.91667	0.44856
101.90000	0.45194
101.86667	0.45758
101.83333	0.46161
101.80000	0.46741
101.78333	0.47675
101.73333	0.47546
101.66667	0.47498
101.61667	0.47578
101.61667	0.46564
101.58333	0.45919
101.55000	0.45339
101.45000	0.40523
101.31667	0.28522
101.20000	0.20613
101.20000	0.22111
101.20000	0.30520
101.20000	0.47804
101.25000	0.48915
101.36667	0.50188
101.43333	0.49527
101.46667	0.48207
101.46667	0.48287
101.46667	0.48287
101.46667	0.48062
101.46667	0.48078
101.46667	0.47756
101.46667	0.48126
101.40000	0.48094
101.25000	0.49850
101.08333	0.50961
100.95000	0.51460
100.76667	0.50897
100.61667	0.53748
100.58333	0.52250
100.51667	0.53716
100.43333	0.52314
100.35000	0.49205
100.26667	0.37173
100.18333	0.29118
100.10000	0.14992
99.98333	0.10030
99.88333	0.01751
99.78333	0.00655
99.75000	0.00688
99.68333	0.01380
99.50000	0.00156
99.40000	0.00430
99.33333	0.00220
99.31667	0.00398
99.30000	0.01412
99.28333	0.03329
99.28333	0.02943
99.28333	0.15571
99.28333	0.36625
99.30000	0.36093
99.33333	0.42182
99.38333	0.50510
99.40000	0.48931
99.40000	0.50736
99.40000	0.51138
99.40000	0.51171
99.40000	0.52572
99.36667	0.55987
99.35000	0.55069
99.28333	0.51332
99.13333	0.33838
98.95000	0.07662
98.73333	0.00994
98.48333	0.00365
98.15000	0.00092
97.90000	0.00220
97.83333	-0.00005
97.81667	-0.00021
97.76667	0.00092
97.66667	-0.00021
97.61667	0.00108
97.60000	0.00124
97.58333	0.00108
97.55000	0.00059
97.50000	-0.00053
97.43333	-0.00005
97.33333	-0.00005
97.23333	-0.00005
97.10000	-0.00118
97.03333	0.00140
97.01667	0.00027
96.98333	0.00059
96.95000	0.00156
96.90000	0.00124
96.85000	0.00108
96.80000	0.00253
96.75000	0.00092
96.63333	0.00188
96.53333	0.00381
96.45000	0.00607
96.38333	0.00204
96.36667	0.03668
96.31667	0.05923
96.25000	0.24511
96.20000	0.19888
96.10000	0.11271
95.90000	0.18326
95.83333	0.30101
95.85000	0.30810
95.90000	0.40314
95.93333	0.61544
95.96667	0.49302
95.96667	0.59128
95.95000	0.59547
95.95000	0.59370
95.95000	0.59933
95.95000	0.60948
95.93333	0.66393
95.88333	0.63735
95.78333	0.54666
95.68333	0.45049
95.53333	0.31873
95.31667	0.06551
95.18333	0.02395
95.13333	0.02476
95.06667	0.01284
94.96667	0.00849
94.85000	0.00414
94.71667	0.00768
94.61667	0.00736
94.46667	0.09724
94.33333	0.36415
94.21667	0.83532
94.18333	0.79215
94.13333	0.81051
94.08333	0.71048
94.03333	0.62720
93.96667	0.58258
93.88333	0.57292
93.80000	0.62044
93.71667	0.50945
93.61667	0.43712
93.51667	0.43503
93.41667	0.38719
93.31667	0.63525
93.23333	0.52137
93.16667	0.37736
93.13333	0.31277
93.10000	0.27427
93.03333	0.15716
92.96667	0.08146
92.93333	0.07002
92.90000	0.06921
92.85000	0.04908
92.86667	0.06503
92.88333	0.07131
92.95000	0.21113
92.96667	0.29972
93.00000	0.11142
93.00000	0.13606
93.00000	0.15120
93.00000	0.15314
93.00000	0.15201
93.00000	0.15716
92.98333	0.18149
92.90000	0.19888
92.83333	0.12076
92.76667	0.07775
92.63333	0.03909
92.48333	0.01638
92.36667	0.00961
92.25000	0.00236
92.13333	0.00140
92.01667	0.00317
91.93333	0.00365
91.78333	0.00269
91.63333	0.00736
91.56667	0.00365
91.48333	0.00446
91.43333	0.00494
91.36667	0.00591
91.31667	0.00591
91.23333	0.00414
91.13333	0.01074
91.03333	0.04167
90.96667	0.17585
90.88333	0.57743
90.78333	0.69018
90.68333	0.64959
90.61667	0.73110
90.56667	0.68358
90.43333	1.08677
90.30000	1.16844
90.21667	1.24543
90.11667	1.24463
90.06667	1.25188
90.03333	1.25188
89.98333	1.25784
89.93333	1.27201
89.90000	1.26992
89.86667	1.27668
89.83333	1.27040
89.81667	1.26943
89.76667	1.25526
89.73333	1.24060
89.73333	1.24334
89.75000	1.24173
89.76667	1.25461
89.80000	1.22159
89.90000	1.06422
89.91667	0.94212
89.91667	1.09305
89.91667	1.12011
89.91667	1.12027
89.91667	1.13783
89.90000	1.20307
89.81667	1.19050
89.71667	1.25349
89.65000	1.23061
89.60000	1.19050
89.50000	1.08435
89.33333	0.83419
89.10000	0.54328
88.83333	0.26058
88.63333	0.15878
88.51667	0.13026
88.48333	0.33806
88.45000	0.28651
88.40000	0.24109
88.30000	0.15169
88.18333	0.08629
88.00000	0.09692
87.78333	0.30906
87.61667	0.79618
87.50000	1.00204
87.40000	0.96209
87.33333	0.98400
87.25000	1.00027
87.21667	1.16054
87.21667	1.18567
87.21667	1.18954
87.25000	1.07050
87.35000	0.89363
87.45000	0.93052
87.51667	0.91264
87.55000	0.47884
87.53333	0.74560
87.53333	0.83435
87.53333	0.82678
87.53333	0.82678
87.53333	0.82469
87.53333	0.82018
87.53333	0.82501
87.53333	0.82436
87.53333	0.81551
87.53333	0.82195
87.53333	0.82453
87.53333	0.82227
87.53333	0.81953
87.53333	0.82243
87.53333	0.82163
87.53333	0.82549
87.53333	0.82356
87.53333	0.82308
87.53333	0.82098
87.53333	0.81969
87.53333	0.82259
87.53333	0.82114
87.53333	0.82275
87.53333	0.82130
87.53333	0.82066
87.53333	0.81840
87.53333	0.81921
87.53333	0.82130
87.53333	0.81824
87.53333	0.82275
87.53333	0.81840
87.53333	0.81857
87.53333	0.81808
87.53333	0.81889
87.53333	0.81631