Polarization of Light 'Brewsters' Data File Mon, Mar 16, 2026 4:23 PM
Sensor Position (Degrees)	Light Intensity (Volts)
180.00000	0.16763
180.00000	0.16683
180.00000	0.16828
180.00000	0.17166
180.00000	0.16828
180.00000	0.16715
180.00000	0.17134
180.00000	0.16925
180.00000	0.16860
180.00000	0.16892
180.00000	0.16876
180.00000	0.16667
180.00000	0.16957
180.00000	0.17102
180.00000	0.16925
180.00000	0.16876
180.00000	0.16876
180.00000	0.17070
180.00000	0.17327
180.00000	0.16876
180.00000	0.16683
180.00000	0.16747
180.00000	0.17150
180.00000	0.17150
180.00000	0.17021
180.00000	0.16763
180.00000	0.16796
180.00000	0.16699
180.00000	0.16892
180.00000	0.17053
180.00000	0.16635
180.00000	0.16812
180.00000	0.16908
180.00000	0.17070
180.00000	0.16989
180.00000	0.17053
180.00000	0.17118
180.00000	0.16957
180.00000	0.16796
180.00000	0.17279
180.00000	0.16925
180.00000	0.16780
180.00000	0.17456
180.00000	0.17295
180.00000	0.16908
180.00000	0.16812
180.00000	0.17311
180.00000	0.16957
180.00000	0.17070
180.00000	0.17118
180.00000	0.17263
180.00000	0.17086
180.00000	0.17311
180.00000	0.16844
180.00000	0.16796
180.00000	0.17005
180.00000	0.16973
180.00000	0.16925
180.00000	0.16747
180.00000	0.16908
180.00000	0.17053
180.00000	0.16667
180.00000	0.17053
180.00000	0.16699
180.00000	0.16860
180.00000	0.17070
180.00000	0.16908
180.00000	0.17295
180.00000	0.17295
180.00000	0.16699
180.00000	0.16957
180.00000	0.16812
180.00000	0.16892
180.00000	0.16844
180.00000	0.16812
180.00000	0.16876
180.00000	0.16957
179.98333	0.16602
179.98333	0.16264
179.96667	0.15990
179.96667	0.15958
179.95000	0.15555
179.95000	0.15829
179.91667	0.15716
179.90000	0.15330
179.86667	0.15507
179.83333	0.16151
179.76667	0.14863
179.70000	0.13429
179.65000	0.12930
179.58333	0.12157
179.48333	0.10578
179.38333	0.11786
179.31667	0.13413
179.26667	0.14251
179.21667	0.13945
179.16667	0.14605
179.11667	0.17166
179.05000	0.17231
178.91667	0.17440
178.83333	0.18390
178.78333	0.17424
178.71667	0.17102
178.65000	0.16393
178.58333	0.15394
178.55000	0.15394
178.51667	0.15523
178.46667	0.14251
178.41667	0.13606
178.33333	0.15604
178.18333	0.17746
178.05000	0.17472
177.98333	0.17859
177.90000	0.18004
177.80000	0.17698
177.73333	0.17794
177.68333	0.18519
177.61667	0.19631
177.51667	0.20484
177.41667	0.20984
177.33333	0.20710
177.23333	0.20662
177.13333	0.21306
177.03333	0.22579
176.96667	0.22450
176.91667	0.22015
176.88333	0.21676
176.78333	0.21419
176.68333	0.21676
176.61667	0.22111
176.48333	0.22965
176.40000	0.23448
176.38333	0.22997
176.35000	0.22256
176.30000	0.22208
176.26667	0.21113
176.21667	0.20549
176.16667	0.19599
176.08333	0.18100
176.01667	0.17166
175.98333	0.16908
175.93333	0.16296
175.88333	0.15056
175.81667	0.14379
175.75000	0.13735
175.73333	0.13220
175.71667	0.13638
175.71667	0.14444
175.70000	0.15974
175.66667	0.16425
175.63333	0.16006
175.60000	0.16296
175.55000	0.16377
175.50000	0.15330
175.41667	0.15362
175.31667	0.14879
175.26667	0.13671
175.21667	0.13494
175.16667	0.13961
175.11667	0.13945
175.03333	0.14202
174.96667	0.14605
174.91667	0.14154
174.88333	0.14975
174.83333	0.16022
174.75000	0.19067
174.60000	0.22208
174.51667	0.23062
174.50000	0.22691
174.48333	0.22788
174.48333	0.23561
174.45000	0.23787
174.40000	0.24270
174.36667	0.24399
174.35000	0.24173
174.31667	0.23915
174.26667	0.24721
174.18333	0.24769
174.15000	0.24785
174.11667	0.24769
174.08333	0.24914
174.06667	0.24576
174.06667	0.24367
174.06667	0.24608
174.06667	0.24495
174.08333	0.24431
174.08333	0.24270
174.10000	0.24286
174.10000	0.24028
174.10000	0.24093
174.10000	0.24189
174.10000	0.23964
174.10000	0.24238
174.10000	0.24511
174.08333	0.24189
174.08333	0.24318
174.06667	0.24753
174.05000	0.24431
174.01667	0.23948
173.95000	0.23964
173.85000	0.23883
173.70000	0.24511
173.58333	0.24592
173.48333	0.24914
173.40000	0.25204
173.28333	0.25397
173.18333	0.25317
173.06667	0.25542
172.96667	0.25510
172.88333	0.25784
172.76667	0.25881
172.66667	0.25639
172.58333	0.25848
172.55000	0.25961
172.50000	0.25977
172.46667	0.25865
172.43333	0.25349
172.36667	0.25752
172.26667	0.26106
172.21667	0.26090
172.16667	0.26138
172.10000	0.26058
172.06667	0.25993
172.03333	0.26106
171.98333	0.25816
171.95000	0.25897
171.91667	0.25317
171.90000	0.25285
171.86667	0.25462
171.83333	0.24818
171.78333	0.24866
171.76667	0.24431
171.75000	0.24544
171.70000	0.23658
171.68333	0.23336
171.61667	0.22466
171.56667	0.22256
171.53333	0.21419
171.48333	0.20050
171.41667	0.18407
171.38333	0.17392
171.33333	0.17311
171.26667	0.16022
171.23333	0.15008
171.21667	0.14170
171.18333	0.12962
171.11667	0.11416
171.00000	0.12881
170.91667	0.16039
170.85000	0.17907
170.81667	0.18632
170.78333	0.18133
170.75000	0.17488
170.66667	0.18680
170.61667	0.19888
170.56667	0.20774
170.55000	0.21290
170.53333	0.21274
170.50000	0.20678
170.48333	0.22385
170.48333	0.22127
170.48333	0.22256
170.48333	0.22901
170.48333	0.22965
170.50000	0.22675
170.50000	0.23094
170.50000	0.22852
170.50000	0.23416
170.50000	0.23464
170.50000	0.24640
170.50000	0.24238
170.50000	0.24495
170.50000	0.24544
170.50000	0.24689
170.50000	0.24576
170.50000	0.24334
170.48333	0.24576
170.46667	0.24350
170.41667	0.24157
170.30000	0.23030
170.16667	0.23303
170.06667	0.22901
170.01667	0.23448
169.96667	0.22579
169.91667	0.21757
169.85000	0.23223
169.78333	0.22498
169.70000	0.22820
169.65000	0.24254
169.58333	0.25108
169.51667	0.25317
169.46667	0.26203
169.41667	0.27040
169.36667	0.27492
169.31667	0.27733
169.25000	0.28265
169.21667	0.28265
169.18333	0.28136
169.16667	0.28216
169.15000	0.28232
169.08333	0.28603
168.98333	0.28426
168.86667	0.28587
168.76667	0.28828
168.71667	0.28410
168.68333	0.28410
168.63333	0.28539
168.58333	0.28377
168.55000	0.28539
168.51667	0.28539
168.46667	0.28828
168.41667	0.28667
168.36667	0.29054
168.33333	0.28957
168.30000	0.29135
168.23333	0.29199
168.16667	0.29151
168.11667	0.29360
168.03333	0.29135
167.95000	0.29344
167.86667	0.29199
167.83333	0.29086
167.80000	0.28957
167.75000	0.28796
167.73333	0.29070
167.71667	0.28571
167.68333	0.28168
167.63333	0.27620
167.60000	0.26573
167.58333	0.26896
167.56667	0.26670
167.53333	0.26058
167.50000	0.25655
167.46667	0.24995
167.43333	0.25188
167.40000	0.25655
167.40000	0.25478
167.36667	0.25156
167.35000	0.24979
167.30000	0.25075
167.25000	0.24656
167.21667	0.25623
167.21667	0.26058
167.21667	0.26686
167.21667	0.26638
167.21667	0.27250
167.21667	0.26734
167.23333	0.26589
167.23333	0.26992
167.23333	0.26348
167.23333	0.26847
167.25000	0.26863
167.26667	0.27185
167.26667	0.27443
167.25000	0.27298
167.25000	0.27202
167.23333	0.27572
167.23333	0.27492
167.20000	0.27218
167.15000	0.26380
167.08333	0.27395
166.98333	0.27153
166.86667	0.27508
166.75000	0.28442
166.70000	0.29263
166.66667	0.29360
166.63333	0.28877
166.58333	0.29231
166.53333	0.28700
166.48333	0.29827
166.40000	0.30343
166.30000	0.30133
166.20000	0.30923
166.13333	0.31357
166.08333	0.30987
166.03333	0.30987
165.98333	0.30955
165.96667	0.31212
165.93333	0.30971
165.88333	0.31180
165.83333	0.31196
165.81667	0.31374
165.76667	0.31357
165.73333	0.31212
165.68333	0.30971
165.65000	0.31535
165.60000	0.31148
165.56667	0.31647
165.53333	0.31261
165.50000	0.30810
165.48333	0.31196
165.45000	0.31100
165.41667	0.31051
165.38333	0.31164
165.36667	0.31132
165.35000	0.30665
165.33333	0.31068
165.31667	0.30778
165.26667	0.31132
165.21667	0.31454
165.16667	0.30778
165.13333	0.30987
165.10000	0.31019
165.06667	0.30971
165.03333	0.30761
165.00000	0.30294
164.96667	0.30198
164.95000	0.29924
164.91667	0.29247
164.88333	0.29070
164.86667	0.28909
164.85000	0.28973
164.80000	0.29489
164.78333	0.29779
164.76667	0.29956
164.75000	0.29988
164.73333	0.30584
164.68333	0.30488
164.60000	0.30923
164.51667	0.31486
164.46667	0.31841
164.43333	0.32292
164.40000	0.32308
164.38333	0.32453
164.36667	0.32243
164.33333	0.32211
164.31667	0.32711
164.31667	0.32356
164.28333	0.32549
164.25000	0.32211
164.25000	0.32147
164.25000	0.32050
164.25000	0.32308
164.26667	0.31712
164.26667	0.31712
164.26667	0.31873
164.28333	0.31873
164.28333	0.31744
164.30000	0.31664
164.30000	0.31664
164.30000	0.31551
164.30000	0.31631
164.30000	0.31535
164.28333	0.32984
164.26667	0.31873
164.26667	0.32227
164.23333	0.32115
164.18333	0.32115
164.15000	0.32276
164.11667	0.31615
164.06667	0.32308
164.00000	0.32743
163.93333	0.32759
163.85000	0.33129
163.76667	0.32759
163.65000	0.32791
163.56667	0.32743
163.46667	0.31792
163.40000	0.30729
163.31667	0.30069
163.20000	0.28474
163.11667	0.26622
163.05000	0.24705
163.01667	0.24479
162.96667	0.23803
162.95000	0.24415
162.91667	0.25768
162.88333	0.26863
162.86667	0.28651
162.83333	0.30294
162.80000	0.31583
162.76667	0.31696
162.71667	0.32566
162.66667	0.32517
162.63333	0.32920
162.58333	0.33081
162.51667	0.33661
162.45000	0.34354
162.40000	0.34225
162.35000	0.34176
162.31667	0.33919
162.30000	0.34466
162.26667	0.34273
162.23333	0.34450
162.21667	0.34418
162.18333	0.34241
162.15000	0.34031
162.13333	0.33983
162.11667	0.33999
162.08333	0.33886
162.06667	0.33516
162.01667	0.32678
162.00000	0.32533
161.98333	0.32098
161.96667	0.31889
161.95000	0.31486
161.93333	0.31809
161.90000	0.31760
161.88333	0.31229
161.86667	0.31003
161.83333	0.31164
161.81667	0.31100
161.78333	0.30649
161.75000	0.30133
161.71667	0.29424
161.68333	0.28845
161.65000	0.27975
161.63333	0.27604
161.61667	0.27733
161.60000	0.27266
161.58333	0.27508
161.55000	0.27524
161.51667	0.27975
161.46667	0.27492
161.43333	0.26670
161.38333	0.26364
161.33333	0.26461
161.30000	0.25655
161.23333	0.24495
161.15000	0.24222
161.08333	0.24125
161.00000	0.25075
160.91667	0.28039
160.81667	0.28361
160.75000	0.28828
160.68333	0.30101
160.63333	0.30923
160.56667	0.31728
160.51667	0.31696
160.48333	0.31970
160.41667	0.32469
160.31667	0.33049
160.20000	0.34982
160.10000	0.35159
160.03333	0.35320
159.98333	0.35256
159.95000	0.35401
159.90000	0.34821
159.81667	0.35095
159.75000	0.35272
159.66667	0.35078
159.60000	0.34724
159.51667	0.35143
159.45000	0.35191
159.36667	0.35948
159.31667	0.36464
159.30000	0.36093
159.26667	0.36174
159.21667	0.36560
159.16667	0.36480
159.13333	0.36577
159.10000	0.36786
159.08333	0.36738
159.08333	0.36673
159.06667	0.36609
159.05000	0.37189
159.00000	0.37076
158.95000	0.36770
158.93333	0.36979
158.91667	0.37108
158.90000	0.36721
158.90000	0.37011
158.90000	0.36593
158.90000	0.36834
158.90000	0.36883
158.91667	0.36721
158.91667	0.36560
158.91667	0.36673
158.91667	0.36125
158.93333	0.35964
158.93333	0.36125
158.93333	0.36351
158.93333	0.36222
158.93333	0.36319
158.91667	0.36915
158.90000	0.36496
158.90000	0.36673
158.88333	0.36770
158.85000	0.37317
158.80000	0.37076
158.73333	0.37301
158.65000	0.37511
158.58333	0.37269
158.53333	0.37785
158.46667	0.38042
158.38333	0.37946
158.30000	0.38316
158.21667	0.38139
158.15000	0.38107
158.06667	0.38284
157.96667	0.38171
157.90000	0.38268
157.83333	0.38042
157.76667	0.38348
157.70000	0.38010
157.61667	0.38510
157.55000	0.38542
157.51667	0.38203
157.46667	0.38042
157.46667	0.38332
157.45000	0.37704
157.45000	0.37994
157.43333	0.37978
157.41667	0.38413
157.40000	0.38268
157.40000	0.38348
157.38333	0.38300
157.38333	0.38445
157.36667	0.38236
157.36667	0.38236
157.36667	0.38155
157.36667	0.38445
157.35000	0.38300
157.35000	0.38429
157.35000	0.38477
157.35000	0.38429
157.35000	0.38042
157.35000	0.38316
157.35000	0.38187
157.35000	0.37881
157.35000	0.38026
157.33333	0.38558
157.33333	0.38477
157.30000	0.38429
157.25000	0.38268
157.15000	0.38832
157.05000	0.39299
156.98333	0.39234
156.93333	0.39412
156.90000	0.39073
156.88333	0.39202
156.86667	0.39186
156.86667	0.39492
156.83333	0.39669
156.81667	0.39685
156.76667	0.39750
156.73333	0.39589
156.71667	0.39943
156.71667	0.39830
156.70000	0.39718
156.68333	0.39911
156.66667	0.39685
156.66667	0.39782
156.66667	0.39524
156.66667	0.39540
156.66667	0.39492
156.66667	0.39621
156.66667	0.39460
156.66667	0.39718
156.68333	0.39379
156.68333	0.39057
156.68333	0.39041
156.68333	0.38864
156.71667	0.38461
156.73333	0.38622
156.71667	0.38654
156.70000	0.39122
156.66667	0.38365
156.63333	0.38348
156.55000	0.38687
156.41667	0.38751
156.25000	0.38848
156.15000	0.38332
156.05000	0.36738
155.96667	0.35787
155.90000	0.36206
155.86667	0.36254
155.83333	0.35723
155.81667	0.36013
155.78333	0.37607
155.73333	0.38332
155.68333	0.39186
155.66667	0.39363
155.65000	0.39395
155.61667	0.39395
155.58333	0.39299
155.55000	0.39879
155.50000	0.39557
155.45000	0.39911
155.41667	0.40507
155.40000	0.40829
155.35000	0.41377
155.28333	0.40877
155.25000	0.40845
155.23333	0.41183
155.20000	0.41103
155.13333	0.41715
155.06667	0.42134
154.98333	0.41957
154.95000	0.41586
154.93333	0.41908
154.93333	0.42182
154.91667	0.41876
154.90000	0.42005
154.88333	0.42118
154.88333	0.41473
154.88333	0.41473
154.90000	0.41973
154.90000	0.41538
154.90000	0.41602
154.91667	0.41570
154.91667	0.41087
154.91667	0.40990
154.93333	0.41248
154.95000	0.40974
154.95000	0.40587
154.95000	0.40571
154.95000	0.40845
154.95000	0.40700
154.95000	0.41022
154.95000	0.40813
154.95000	0.41006
154.95000	0.40829
154.95000	0.40926
154.91667	0.41264
154.86667	0.41586
154.80000	0.41763
154.71667	0.41473
154.61667	0.41699
154.50000	0.41763
154.43333	0.42182
154.38333	0.41554
154.33333	0.42263
154.31667	0.42118
154.28333	0.42520
154.25000	0.42375
154.21667	0.42488
154.16667	0.42295
154.08333	0.42553
154.01667	0.42488
153.95000	0.42585
153.86667	0.42633
153.76667	0.43600
153.65000	0.43616
153.51667	0.43938
153.46667	0.43777
153.43333	0.43857
153.41667	0.44067
153.36667	0.43745
153.30000	0.44099
153.23333	0.44276
153.18333	0.44180
153.13333	0.44373
153.08333	0.44389
153.05000	0.44373
153.01667	0.44776
152.96667	0.44566
152.93333	0.44502
152.90000	0.44985
152.85000	0.44904
152.78333	0.44937
152.73333	0.44614
152.66667	0.45098
152.63333	0.45001
152.61667	0.45049
152.58333	0.45049
152.55000	0.45049
152.55000	0.45114
152.55000	0.44840
152.58333	0.44357
152.60000	0.43986
152.61667	0.44308
152.61667	0.44018
152.61667	0.43938
152.61667	0.43777
152.61667	0.44035
152.61667	0.43503
152.61667	0.43857
152.61667	0.43535
152.61667	0.43600
152.61667	0.43986
152.58333	0.43664
152.56667	0.44228
152.51667	0.44244
152.46667	0.44550
152.38333	0.44647
152.31667	0.44727
152.26667	0.44937
152.21667	0.44776
152.13333	0.44953
152.05000	0.45211
152.01667	0.45420
151.95000	0.45420
151.85000	0.45291
151.76667	0.45823
151.63333	0.45807
151.43333	0.45855
151.28333	0.44453
151.23333	0.44325
151.20000	0.43954
151.16667	0.43181
151.13333	0.43584
151.08333	0.43245
151.01667	0.42907
150.95000	0.43390
150.83333	0.45968
150.66667	0.47627
150.60000	0.47707
150.58333	0.47659
150.58333	0.47369
150.58333	0.47385
150.58333	0.47240
150.56667	0.47595
150.55000	0.47868
150.48333	0.47756
150.43333	0.48207
150.38333	0.48319
150.30000	0.48207
150.25000	0.48464
150.20000	0.48480
150.16667	0.48464
150.11667	0.48529
150.06667	0.48239
150.00000	0.48674
149.88333	0.48899
149.80000	0.48899
149.80000	0.48706
149.80000	0.48513
149.80000	0.48062
149.81667	0.48078
149.83333	0.47917
149.86667	0.47305
149.90000	0.47127
149.91667	0.46999
149.93333	0.46386
149.93333	0.46660
149.93333	0.46531
149.95000	0.46225
149.95000	0.46531
149.95000	0.47031
149.91667	0.47208
149.86667	0.47272
149.85000	0.47417
149.80000	0.47788
149.76667	0.48674
149.71667	0.47981
149.66667	0.48303
149.60000	0.48287
149.50000	0.48915
149.43333	0.48803
149.40000	0.48996
149.33333	0.49141
149.28333	0.49286
149.25000	0.49286
149.21667	0.49157
149.16667	0.50091
149.11667	0.49930
149.06667	0.49640
149.01667	0.49624
148.96667	0.49721
148.93333	0.49334
148.86667	0.49527
148.81667	0.48658
148.78333	0.48835
148.76667	0.48658
148.71667	0.48255
148.70000	0.48158
148.66667	0.47917
148.63333	0.47546
148.60000	0.47546
148.58333	0.47192
148.55000	0.46757
148.51667	0.46145
148.46667	0.44792
148.45000	0.44325
148.43333	0.43938
148.45000	0.43922
148.46667	0.44502
148.50000	0.44888
148.53333	0.45662
148.53333	0.45581
148.55000	0.45082
148.56667	0.45372
148.56667	0.45355
148.58333	0.45774
148.56667	0.45597
148.48333	0.44614
148.45000	0.44228
148.43333	0.43954
148.38333	0.43970
148.35000	0.43584
148.31667	0.44470
148.30000	0.44776
148.25000	0.44808
148.20000	0.45307
148.11667	0.44985
148.05000	0.46113
148.03333	0.46241
148.01667	0.46999
147.98333	0.46676
147.96667	0.47933
147.95000	0.48110
147.91667	0.49157
147.86667	0.50639
147.81667	0.50993
147.78333	0.51444
147.73333	0.51638
147.65000	0.51783
147.60000	0.52024
147.55000	0.52395
147.50000	0.51960
147.45000	0.52604
147.38333	0.52942
147.26667	0.52926
147.21667	0.52781
147.18333	0.52894
147.15000	0.52491
147.13333	0.52185
147.08333	0.52298
147.05000	0.52346
146.98333	0.52443
146.91667	0.51654
146.86667	0.51605
146.81667	0.51509
146.80000	0.50575
146.80000	0.50252
146.80000	0.49527
146.85000	0.47659
146.88333	0.46918
146.88333	0.46290
146.90000	0.46209
146.93333	0.45194
146.96667	0.43777
146.98333	0.43535
146.98333	0.43809
146.98333	0.44502
146.95000	0.45468
146.90000	0.46773
146.86667	0.47707
146.83333	0.49028
146.81667	0.49705
146.80000	0.50542
146.76667	0.51815
146.73333	0.52604
146.71667	0.52427
146.70000	0.52604
146.66667	0.53023
146.63333	0.53071
146.56667	0.53329
146.46667	0.53587
146.43333	0.53345
146.40000	0.53700
146.30000	0.53603
146.25000	0.53361
146.23333	0.53345
146.18333	0.53587
146.10000	0.53973
146.05000	0.53651
146.00000	0.54038
145.98333	0.53184
146.00000	0.53265
146.03333	0.51799
146.06667	0.47788
146.06667	0.47675
146.06667	0.47337
146.06667	0.47417
146.06667	0.47933
146.10000	0.48335
146.10000	0.48303
146.11667	0.49850
146.11667	0.51686
146.11667	0.51847
146.06667	0.52056
146.06667	0.52073
146.01667	0.51573
145.98333	0.49689
145.96667	0.49834
145.93333	0.49721
145.86667	0.50687
145.81667	0.49930
145.78333	0.50252
145.71667	0.50252
145.65000	0.51058
145.53333	0.52475
145.45000	0.54102
145.36667	0.54344
145.28333	0.55584
145.21667	0.55423
145.15000	0.56212
145.08333	0.55906
145.05000	0.56148
145.03333	0.55794
144.98333	0.55939
144.90000	0.56390
144.80000	0.56808
144.66667	0.56873
144.56667	0.57292
144.50000	0.57147
144.43333	0.56953
144.36667	0.57324
144.30000	0.57437
144.20000	0.57259
144.16667	0.56921
144.11667	0.57404
144.01667	0.57195
143.91667	0.57501
143.75000	0.56631
143.71667	0.55665
143.71667	0.54747
143.71667	0.54618
143.73333	0.54344
143.73333	0.53861
143.75000	0.53635
143.76667	0.53152
143.76667	0.52942
143.78333	0.50462
143.80000	0.50397
143.80000	0.49318
143.81667	0.49399
143.81667	0.49511
143.81667	0.49737
143.80000	0.50462
143.78333	0.50494
143.78333	0.50816
143.76667	0.51815
143.75000	0.52636
143.71667	0.53393
143.70000	0.54360
143.68333	0.55326
143.65000	0.56212
143.63333	0.56986
143.61667	0.57453
143.58333	0.57453
143.55000	0.57420
143.50000	0.58081
143.43333	0.58725
143.38333	0.58645
143.35000	0.58951
143.30000	0.59015
143.25000	0.58919
143.20000	0.59386
143.13333	0.59353
143.08333	0.59660
143.01667	0.59353
142.95000	0.59031
142.88333	0.58194
142.81667	0.57308
142.75000	0.56744
142.70000	0.56019
142.66667	0.54360
142.60000	0.52411
142.55000	0.50977
142.50000	0.49672
142.45000	0.46177
142.40000	0.44389
142.35000	0.41667
142.30000	0.38816
142.23333	0.34386
142.15000	0.28893
142.10000	0.26155
142.06667	0.24222
142.03333	0.23513
142.01667	0.23126
142.00000	0.23690
141.98333	0.24818
141.96667	0.27862
141.95000	0.29521
141.93333	0.37140
141.91667	0.40120
141.88333	0.42988
141.85000	0.44840
141.80000	0.48883
141.75000	0.50204
141.70000	0.52459
141.65000	0.52991
141.61667	0.53410
141.56667	0.53844
141.50000	0.56309
141.43333	0.60256
141.36667	0.61882
141.31667	0.62865
141.25000	0.63719
141.20000	0.63767
141.13333	0.63864
141.08333	0.64363
141.05000	0.64105
141.01667	0.64218
140.98333	0.64395
140.93333	0.64476
140.85000	0.64492
140.76667	0.64959
140.70000	0.64653
140.66667	0.64975
140.65000	0.64782
140.61667	0.64830
140.60000	0.64846
140.56667	0.64460
140.55000	0.65104
140.53333	0.64734
140.50000	0.64669
140.48333	0.64250
140.48333	0.63832
140.48333	0.63783
140.50000	0.63606
140.50000	0.63284
140.50000	0.63477
140.50000	0.63364
140.48333	0.63461
140.48333	0.62092
140.48333	0.52942
140.48333	0.39395
140.48333	0.35256
140.48333	0.35143
140.48333	0.33758
140.48333	0.34209
140.46667	0.34917
140.45000	0.36351
140.45000	0.37559
140.41667	0.42456
140.41667	0.46129
140.40000	0.48126
140.36667	0.55117
140.36667	0.55181
140.36667	0.55326
140.36667	0.55423
140.36667	0.55600
140.36667	0.55955
140.33333	0.60417
140.28333	0.62108
140.23333	0.63300
140.21667	0.64073
140.20000	0.64315
140.16667	0.64428
140.10000	0.65233
140.05000	0.65861
140.00000	0.65281
139.96667	0.65491
139.93333	0.65555
139.86667	0.65893
139.81667	0.65974
139.73333	0.66038
139.61667	0.66312
139.53333	0.66683
139.50000	0.66522
139.43333	0.67536
139.36667	0.66602
139.30000	0.66071
139.23333	0.64138
139.20000	0.63445
139.16667	0.62350
139.11667	0.60997
138.98333	0.54360
138.90000	0.47208
138.85000	0.45839
138.78333	0.42569
138.75000	0.39106
138.71667	0.36270
138.68333	0.34837
138.65000	0.32421
138.63333	0.31921
138.61667	0.32388
138.60000	0.33967
138.56667	0.34386
138.53333	0.34450
138.51667	0.38091
138.48333	0.39943
138.43333	0.40314
138.38333	0.46225
138.30000	0.45790
138.28333	0.48046
138.25000	0.49495
138.21667	0.50381
138.16667	0.50671
138.11667	0.54328
138.06667	0.57775
138.03333	0.60674
138.00000	0.61335
137.98333	0.63316
137.95000	0.64589
137.90000	0.65603
137.85000	0.66441
137.78333	0.68487
137.73333	0.69163
137.66667	0.69469
137.63333	0.70339
137.56667	0.70855
137.51667	0.71096
137.46667	0.71145
137.40000	0.71402
137.33333	0.71435
137.30000	0.70919
137.30000	0.70967
137.30000	0.70726
137.30000	0.70500
137.30000	0.69937
137.33333	0.69502
137.36667	0.68745
137.36667	0.68809
137.35000	0.68390
137.35000	0.68487
137.35000	0.68342
137.35000	0.68245
137.35000	0.68567
137.35000	0.68696
137.35000	0.68261
137.35000	0.68197
137.35000	0.68567
137.33333	0.68648
137.31667	0.68938
137.30000	0.68825
137.26667	0.69018
137.20000	0.69469
137.11667	0.70033
137.05000	0.70275
136.98333	0.70516
136.93333	0.70710
136.85000	0.70967
136.80000	0.70613
136.73333	0.71370
136.66667	0.70597
136.61667	0.70678
136.56667	0.71016
136.53333	0.69969
136.46667	0.69840
136.41667	0.68777
136.36667	0.67488
136.30000	0.67375
136.21667	0.65426
136.13333	0.62559
136.05000	0.59370
136.00000	0.56084
135.93333	0.53828
135.90000	0.54376
135.88333	0.54086
135.86667	0.57066
135.86667	0.59450
135.85000	0.63219
135.83333	0.66038
135.80000	0.67263
135.76667	0.69228
135.71667	0.74109
135.63333	0.20952
135.60000	0.00220
135.58333	0.00381
135.56667	0.04376
135.55000	0.09531
135.55000	0.14234
135.53333	0.18922
135.51667	0.33741
135.50000	0.38316
135.48333	0.40652
135.43333	0.47739
135.40000	0.49624
135.33333	0.55922
135.18333	0.64556
135.06667	0.75655
135.01667	0.76219
135.00000	0.75929
134.98333	0.76589
134.96667	0.76654
134.93333	0.76911
134.91667	0.77089
134.90000	0.76541
134.86667	0.77056
134.81667	0.77105
134.73333	0.77282
134.61667	0.77572
134.50000	0.77395
134.41667	0.77250
134.35000	0.77282
134.30000	0.77137
134.25000	0.77105
134.20000	0.77282
134.16667	0.77395
134.13333	0.76960
134.13333	0.76573
134.13333	0.75494
134.16667	0.74157
134.20000	0.72578
134.20000	0.72498
134.23333	0.70420
134.26667	0.70001
134.26667	0.69308
134.26667	0.69212
134.25000	0.70082
134.21667	0.70694
134.18333	0.72015
134.16667	0.71757
134.15000	0.71741
134.11667	0.72369
134.06667	0.72804
134.00000	0.74076
133.91667	0.73561
133.83333	0.70629
133.73333	0.67681
133.51667	0.48867
133.36667	0.40104
133.28333	0.34547
133.25000	0.31825
133.23333	0.31841
133.18333	0.35030
133.13333	0.39186
133.06667	0.44824
132.98333	0.51412
132.93333	0.54811
132.90000	0.55230
132.86667	0.56325
132.80000	0.57888
132.70000	0.60948
132.58333	0.56003
132.48333	0.48996
132.36667	0.44985
132.26667	0.41055
132.21667	0.37962
132.18333	0.41071
132.16667	0.45742
132.15000	0.69244
132.13333	0.78877
132.11667	0.80326
132.08333	0.80697
132.05000	0.81567
132.01667	0.81857
131.98333	0.81857
131.95000	0.82308
131.88333	0.83032
131.80000	0.83612
131.75000	0.83918
131.66667	0.84869
131.56667	0.84579
131.46667	0.83741
131.40000	0.82275
131.38333	0.81196
131.38333	0.80407
131.38333	0.80906
131.41667	0.84047
131.41667	0.84096
131.41667	0.83596
131.43333	0.83467
131.45000	0.83516
131.45000	0.83403
131.45000	0.83177
131.45000	0.83951
131.41667	0.83999
131.40000	0.83661
131.36667	0.82984
131.28333	0.81148
131.20000	0.77282
131.10000	0.70790
130.98333	0.59982
130.90000	0.51734
130.80000	0.43326
130.68333	0.30761
130.58333	0.23078
130.46667	0.17392
130.43333	0.15894
130.40000	0.15829
130.38333	0.21838
130.33333	0.23352
130.30000	0.27959
130.26667	0.32598
130.21667	0.49044
130.13333	0.55874
130.08333	0.60191
130.06667	0.64750
130.03333	0.69775
130.00000	0.73400
129.95000	0.79473
129.90000	0.78683
129.85000	0.80568
129.81667	0.82871
129.78333	0.84450
129.75000	0.85932
129.71667	0.89218
129.68333	0.89701
129.65000	0.90378
129.58333	0.91425
129.53333	0.90571
129.48333	0.90700
129.46667	0.90378
129.43333	0.90458
129.36667	0.90491
129.30000	0.90023
129.23333	0.89589
129.20000	0.89460
129.13333	0.89782
129.06667	0.89202
128.95000	0.89508
128.73333	0.85610
128.51667	0.69969
128.45000	0.59933
128.45000	0.58419
128.45000	0.58693
128.45000	0.58516
128.45000	0.59563
128.45000	0.59547
128.45000	0.60111
128.45000	0.65910
128.45000	0.86576
128.45000	0.88397
128.45000	0.89750
128.45000	0.89782
128.43333	0.90990
128.41667	0.90330
128.40000	0.90797
128.36667	0.91522
128.33333	0.91747
128.31667	0.92649
128.31667	0.91119
128.31667	0.91151
128.35000	0.90507
128.36667	0.90040
128.36667	0.90007
128.40000	0.89089
128.46667	0.88348
128.46667	0.88300
128.45000	0.88976
128.33333	0.90217
128.31667	0.90829
128.28333	0.90829
128.21667	0.91393
128.15000	0.92327
128.08333	0.93020
128.05000	0.92955
128.03333	0.93519
128.01667	0.93777
127.98333	0.93471
127.93333	0.93583
127.86667	0.93873
127.80000	0.93761
127.75000	0.94389
127.71667	0.94469
127.68333	0.94324
127.61667	0.94759
127.56667	0.94663
127.51667	0.94679
127.45000	0.94260
127.41667	0.94437
127.36667	0.94663
127.25000	0.95001
127.11667	0.93761
127.01667	0.92681
126.95000	0.91860
126.91667	0.90974
126.90000	0.91538
126.83333	0.92037
126.81667	0.92005
126.80000	0.92488
126.80000	0.92069
126.80000	0.91876
126.80000	0.91795
126.80000	0.91828
126.80000	0.92005
126.80000	0.91618
126.80000	0.91956
126.80000	0.91602
126.80000	0.91054
126.81667	0.91054
126.80000	0.91167
126.80000	0.91006
126.80000	0.90748
126.80000	0.83596
126.80000	0.69550
126.78333	0.69598
126.78333	0.70355
126.78333	0.69872
126.78333	0.67987
126.78333	0.67923
126.78333	0.59853
126.78333	0.34354
126.78333	0.34547
126.78333	0.30053
126.76667	0.29602
126.76667	0.09257
126.76667	0.06068
126.75000	0.04247
126.70000	0.04070
126.65000	0.08532
126.63333	0.15410
126.63333	0.16232
126.61667	0.21467
126.60000	0.59386
126.58333	0.61061
126.58333	0.78635
126.56667	0.76509
126.53333	0.78925
126.51667	0.75413
126.48333	0.66667
126.45000	0.59788
126.40000	0.50285
126.36667	0.39428
126.28333	0.05214
126.20000	0.05842
126.11667	0.08339
126.03333	0.10191
125.98333	0.10675
125.93333	0.14251
125.88333	0.14170
125.78333	0.16780
125.71667	0.22707
125.68333	0.21676
125.65000	0.28184
125.61667	0.30842
125.60000	0.41634
125.56667	0.74560
125.53333	0.94453
125.51667	0.99302
125.50000	0.99463
125.50000	0.99817
125.48333	0.99028
125.45000	0.99092
125.40000	0.99141
125.36667	0.99366
125.35000	0.99672
125.30000	0.99866
125.26667	1.00333
125.20000	1.00542
125.15000	1.00574
125.10000	1.00478
125.06667	0.98851
125.05000	0.98706
125.01667	0.99205
124.95000	0.99946
124.88333	1.01203
124.81667	1.01863
124.73333	1.01976
124.63333	1.02749
124.61667	1.02636
124.61667	1.02765
124.63333	1.01992
124.65000	1.01911
124.65000	1.01186
124.65000	1.01283
124.65000	1.00735
124.66667	1.00977
124.66667	1.00800
124.66667	1.00768
124.66667	1.00284
124.65000	1.01396
124.63333	1.01589
124.61667	1.01702
124.60000	1.01911
124.56667	1.02910
124.51667	1.03442
124.46667	1.03570
124.41667	1.04424
124.33333	1.05230
124.23333	1.05407
124.10000	1.05713
124.01667	1.05536
123.95000	1.05664
123.88333	1.04730
123.78333	1.03216
123.61667	0.97659
123.55000	0.94002
123.51667	0.92053
123.48333	0.89927
123.41667	0.83532
123.36667	0.78506
123.30000	0.74946
123.23333	0.71918
123.20000	0.71934
123.13333	0.68213
123.05000	0.67859
122.98333	0.67585
122.95000	0.80407
122.93333	0.84982
122.90000	1.06083
122.86667	1.08403
122.81667	1.09595
122.78333	1.10980
122.73333	1.10916
122.66667	1.10561
122.63333	1.11318
122.58333	1.10674
122.51667	1.10964
122.41667	1.11512
122.35000	1.12076
122.31667	1.11979
122.30000	1.12172
122.28333	1.12172
122.26667	1.11914
122.25000	1.11866
122.25000	1.11931
122.23333	1.11318
122.23333	1.10964
122.25000	1.10674
122.26667	1.10513
122.26667	1.10577
122.26667	1.10352
122.28333	1.09289
122.30000	1.08500
122.30000	1.08934
122.30000	1.08918
122.30000	1.08355
122.30000	1.08951
122.28333	1.09047
122.26667	1.09885
122.25000	1.09804
122.23333	1.09788
122.23333	1.09885
122.20000	1.10304
122.11667	1.10658
122.03333	1.11657
122.01667	1.10513
121.98333	1.10368
121.91667	1.08242
121.81667	1.08306
121.66667	1.03087
121.60000	1.03087
121.53333	1.01799
121.48333	0.98319
121.45000	0.98512
121.38333	1.00172
121.28333	1.04650
121.16667	1.08741
121.08333	1.11077
121.06667	1.11528
121.03333	1.11914
121.00000	1.12672
120.96667	1.13123
120.91667	1.14411
120.86667	1.15184
120.81667	1.16070
120.75000	1.16489
120.71667	1.17117
120.63333	1.17858
120.56667	1.19131
120.50000	1.19856
120.43333	1.20081
120.33333	1.19340
120.23333	1.18213
120.11667	1.18632
120.06667	1.20339
120.06667	1.20500
120.06667	1.20017
120.08333	1.20178
120.08333	1.20226
120.10000	1.19276
120.10000	1.19260
120.10000	1.19147
120.10000	1.19211
120.10000	1.19356
120.10000	1.19099
120.10000	1.18905
120.10000	1.20001
120.08333	1.20226
120.08333	1.20146
120.06667	1.20355
120.03333	1.19630
119.98333	1.18905
119.91667	1.17134
119.83333	1.14089
119.75000	1.08645
119.63333	1.03087
119.53333	0.91747
119.50000	0.87817
119.46667	0.87027
119.40000	0.95983
119.33333	0.92246
119.30000	0.94759
119.25000	0.88042
119.21667	0.94663
119.16667	0.90104
119.08333	0.85062
119.00000	0.82920
118.91667	0.91956
118.83333	1.06840
118.75000	1.23416
118.68333	1.25735
118.63333	1.27443
118.61667	1.27201
118.58333	1.27443
118.55000	1.27298
118.51667	1.28055
118.43333	1.28039
118.33333	1.28651
118.28333	1.28039
118.20000	1.28780
118.15000	1.27733
118.11667	1.28184
118.10000	1.27974
118.06667	1.26718
118.05000	1.26686
118.00000	1.27491
117.98333	1.27346
117.98333	1.27105
117.98333	1.26605
117.98333	1.26380
117.98333	1.25945
117.98333	1.25478
117.98333	1.25027
118.01667	1.24447
118.01667	1.24141
118.01667	1.24350
118.01667	1.24253
118.01667	1.24334
118.01667	1.24576
118.00000	1.24382
117.98333	1.25461
117.96667	1.26009
117.96667	1.25977
117.93333	1.26444
117.90000	1.27185
117.83333	1.28764
117.73333	1.30278
117.63333	1.30439
117.51667	1.30246
117.46667	1.30004
117.43333	1.30954
117.36667	1.31921
117.28333	1.32098
117.18333	1.32887
117.11667	1.33258
117.03333	1.33612
117.00000	1.33677
116.93333	1.34112
116.88333	1.34160
116.80000	1.34402
116.75000	1.34385
116.66667	1.33789
116.60000	1.33709
116.58333	1.35304
116.55000	1.35368
116.50000	1.35545
116.43333	1.34804
116.35000	1.35771
116.23333	1.34772
116.18333	1.34160
116.13333	1.34466
116.05000	1.33677
116.00000	1.34063
115.98333	1.32420
115.98333	1.30664
115.98333	1.30117
115.98333	1.30262
115.98333	1.30165
116.00000	1.30874
116.00000	1.30697
116.00000	1.30133
116.00000	1.30600
116.01667	1.28893
116.03333	1.25365
116.03333	1.25526
116.03333	1.25526
116.03333	1.25027
116.03333	1.25139
116.03333	1.26154
116.03333	1.32082
116.01667	1.34466
116.00000	1.34530
116.00000	1.34595
115.96667	1.35545
115.93333	1.36882
115.86667	1.37559
115.76667	1.38896
115.61667	1.38847
115.46667	1.38026
115.33333	1.37220
115.25000	1.39234
115.16667	1.37204
115.08333	1.33934
114.96667	1.24318
114.88333	1.11608
114.81667	1.00107
114.76667	0.88993
114.71667	0.86270
114.66667	0.76364
114.61667	0.70967
114.58333	0.66876
114.51667	0.62543
114.43333	0.64170
114.35000	0.81293
114.31667	1.04779
114.26667	1.27636
114.23333	1.37237
114.18333	1.43213
114.15000	1.44695
114.13333	1.45258
114.10000	1.44662
114.06667	1.43567
114.03333	1.43889
114.01667	1.43632
113.96667	1.43615
113.95000	1.45822
113.93333	1.46112
113.91667	1.46612
113.88333	1.47449
113.86667	1.48416
113.86667	1.47868
113.88333	1.46998
113.88333	1.46499
113.88333	1.46048
113.88333	1.45226
113.90000	1.44276
113.91667	1.44179
113.91667	1.44469
113.91667	1.44373
113.91667	1.44679
113.91667	1.44759
113.91667	1.44469
113.91667	1.43857
113.91667	1.43841
113.91667	1.43841
113.91667	1.43422
113.91667	1.43728
113.90000	1.44099
113.90000	1.43181
113.88333	1.42907
113.86667	1.44550
113.83333	1.45113
113.81667	1.45403
113.78333	1.45403
113.73333	1.46434
113.61667	1.45548
113.53333	1.44260
113.41667	1.42891
113.30000	1.46193
113.20000	1.42295
113.16667	1.40329
113.11667	1.34273
113.08333	1.31373
113.03333	1.27169
112.98333	1.26219
112.96667	1.36834
112.93333	1.48915
112.88333	1.50848
112.85000	1.50703
112.85000	1.50059
112.81667	1.49672
112.78333	1.48867
112.75000	1.48641
112.70000	1.49398
112.63333	1.48818
112.58333	1.50284
112.46667	1.48899
112.38333	1.49737
112.31667	1.47353
112.30000	1.45097
112.31667	1.46112
112.31667	1.51798
112.31667	1.50445
112.31667	1.50365
112.33333	1.49769
112.35000	1.50043
112.35000	1.49962
112.35000	1.50268
112.35000	1.50381
112.35000	1.50123
112.35000	1.50429
112.35000	1.50671
112.33333	1.51734
112.31667	1.51557
112.30000	1.51331
112.28333	1.51090
112.25000	1.50123
112.20000	1.48561
112.10000	1.36335
112.01667	1.19614
111.96667	0.63622
111.90000	0.19212
111.85000	0.17118
111.81667	0.14669
111.76667	0.18568
111.73333	0.25704
111.70000	0.39669
111.68333	0.67134
111.65000	0.75075
111.63333	0.80504
111.60000	0.74995
111.60000	0.74882
111.58333	0.73835
111.56667	1.19453
111.53333	1.52411
111.50000	1.51686
111.45000	1.53409
111.38333	1.53216
111.30000	1.53168
111.23333	1.56937
111.20000	1.57404
111.13333	1.59756
111.08333	1.60352
111.03333	1.61238
110.98333	1.61689
110.95000	1.61028
110.91667	1.61173
110.88333	1.61834
110.81667	1.62317
110.76667	1.62269
110.71667	1.62655
110.66667	1.62945
110.63333	1.62462
110.63333	1.61882
110.63333	1.60996
110.63333	1.61093
110.63333	1.60771
110.63333	1.60577
110.63333	1.59869
110.65000	1.59611
110.65000	1.59434
110.65000	1.59289
110.65000	1.59112
110.65000	1.58967
110.65000	1.58983
110.65000	1.59514
110.65000	1.59305
110.63333	1.60126
110.61667	1.60594
110.60000	1.60449
110.53333	1.61125
110.43333	1.62043
110.28333	1.61479
110.18333	1.61141
110.06667	1.60658
109.98333	1.59836
109.91667	1.60706
109.81667	1.60803
109.68333	1.61818
109.55000	1.62978
109.46667	1.65200
109.43333	1.65104
109.40000	1.65619
109.35000	1.66183
109.28333	1.66570
109.25000	1.66650
109.20000	1.67246
109.15000	1.67488
109.08333	1.68503
109.00000	1.69389
108.91667	1.69775
108.85000	1.70307
108.80000	1.69759
108.76667	1.70887
108.71667	1.71080
108.66667	1.71950
108.60000	1.72449
108.53333	1.72900
108.46667	1.73577
108.40000	1.73915
108.35000	1.74012
108.31667	1.74447
108.28333	1.74205
108.25000	1.74173
108.20000	1.75719
108.15000	1.74720
108.11667	1.76428
108.05000	1.76943
108.00000	1.76782
108.00000	1.76219
108.00000	1.75300
108.00000	1.74978
108.01667	1.73915
108.01667	1.73383
108.03333	1.72385
108.03333	1.71563
108.03333	1.71483
108.03333	1.71595
108.03333	1.71821
108.03333	1.71450
108.03333	1.71193
108.03333	1.71740
108.03333	1.71193
108.03333	1.72385
108.01667	1.72578
107.98333	1.73255
107.96667	1.72900
107.93333	1.73609
107.86667	1.74012
107.78333	1.74414
107.70000	1.72288
107.60000	1.73738
107.50000	1.70210
107.41667	1.70806
107.33333	1.70291
107.26667	1.71901
107.20000	1.70420
107.13333	1.71853
107.03333	1.75445
106.93333	1.75832
106.83333	1.78554
106.75000	1.79263
106.63333	1.77088
106.55000	1.76476
106.48333	1.77813
106.41667	1.77684
106.33333	1.77443
106.26667	1.79360
106.18333	1.80809
106.11667	1.82646
106.08333	1.83048
106.06667	1.84047
106.03333	1.84595
106.01667	1.85078
105.96667	1.85287
105.95000	1.85513
105.91667	1.85835
105.90000	1.84643
105.86667	1.85690
105.81667	1.85787
105.76667	1.85948
105.75000	1.85835
105.75000	1.84691
105.75000	1.84112
105.75000	1.83242
105.75000	1.83322
105.75000	1.83596
105.76667	1.82678
105.76667	1.82630
105.76667	1.82162
105.76667	1.82356
105.76667	1.81889
105.75000	1.82920
105.75000	1.84079
105.71667	1.84095
105.66667	1.84820
105.58333	1.87075
105.43333	1.88477
105.26667	1.89234
105.13333	1.88992
105.03333	1.87092
104.98333	1.90023
104.91667	1.88751
104.83333	1.84836
104.76667	1.77813
104.70000	1.76847
104.65000	1.76863
104.58333	1.72191
104.48333	1.68503
104.36667	1.60851
104.25000	1.59901
104.20000	1.81421
104.15000	1.80423
104.08333	1.85126
104.03333	1.94066
103.96667	1.95403
103.91667	1.98883
103.85000	1.99382
103.80000	2.00429
103.71667	2.00961
103.65000	2.01315
103.56667	2.02201
103.50000	2.01573
103.46667	2.01750
103.41667	2.00945
103.33333	2.00961
103.26667	2.00687
103.23333	2.01444
103.21667	2.01492
103.21667	2.01090
103.23333	2.00784
103.23333	2.00784
103.23333	2.00397
103.23333	2.00027
103.25000	1.99124
103.25000	1.99141
103.25000	1.99318
103.25000	1.99318
103.25000	1.99237
103.25000	1.99221
103.25000	1.99237
103.23333	1.99656
103.21667	2.00284
103.18333	2.00768
103.13333	2.01492
103.08333	2.01621
102.96667	2.03007
102.80000	2.04601
102.61667	2.05149
102.48333	2.05310
102.36667	2.05552
102.23333	2.07887
102.13333	2.09240
102.06667	2.09353
102.03333	2.10416
101.96667	2.09547
101.91667	2.09772
101.85000	2.11480
101.78333	2.11367
101.75000	2.10400
101.73333	2.10594
101.70000	2.10787
101.66667	2.11318
101.63333	2.11367
101.58333	2.12317
101.51667	2.11834
101.43333	2.13123
101.38333	2.13203
101.36667	2.13735
101.35000	2.13751
101.33333	2.14685
101.31667	2.14540
101.30000	2.14782
101.26667	2.15426
101.25000	2.14911
101.25000	2.15378
101.23333	2.15523
101.21667	2.16747
101.18333	2.17440
101.13333	2.17085
101.10000	2.17182
101.10000	2.17423
101.10000	2.16183
101.10000	2.16006
101.10000	2.16103
101.10000	2.15539
101.10000	2.14943
101.11667	2.14701
101.11667	2.14605
101.13333	2.14234
101.13333	2.14411
101.13333	2.14154
101.13333	2.13847
101.13333	2.14411
101.10000	2.15329
101.08333	2.15845
101.03333	2.16103
100.88333	2.11689
100.68333	1.94904
100.50000	1.67810
100.36667	1.40668
100.31667	1.24785
100.28333	1.18905
100.23333	0.97755
100.15000	0.78409
100.05000	0.62768
99.96667	0.50397
99.93333	0.93648
99.83333	1.10545
99.76667	1.62430
99.73333	1.73077
99.68333	1.89524
99.65000	1.87623
99.61667	1.86173
99.58333	1.84981
99.51667	1.76670
99.45000	1.87607
99.36667	1.98448
99.28333	2.03345
99.21667	2.19695
99.16667	2.20097
99.10000	2.28103
99.00000	2.32227
98.95000	2.32082
98.95000	2.31840
98.95000	2.31808
98.95000	2.31454
98.95000	2.31228
98.95000	2.30358
98.95000	2.29408
98.96667	2.29811
98.96667	2.29746
98.96667	2.30036
98.96667	2.29762
98.96667	2.29924
98.96667	2.29714
98.96667	2.26976
98.95000	2.13332
98.93333	2.11061
98.88333	2.06663
98.83333	2.01154
98.76667	1.97755
98.68333	1.89492
98.56667	1.80954
98.48333	1.80938
98.41667	1.75671
98.35000	1.69195
98.30000	1.63847
98.26667	1.78361
98.23333	1.88106
98.15000	2.06760
98.03333	2.23738
97.96667	2.22224
97.91667	2.21402
97.86667	2.18616
97.81667	2.24495
97.75000	2.19598
97.66667	2.21934
97.58333	2.28442
97.51667	2.29585
97.43333	2.35207
97.33333	2.40007
97.21667	2.42939
97.13333	2.44131
97.05000	2.44888
97.00000	2.43148
96.96667	2.42746
96.91667	2.42552
96.88333	2.41344
96.81667	2.41989
96.75000	2.42166
96.70000	2.39653
96.68333	2.39653
96.70000	2.38831
96.71667	2.37672
96.71667	2.41892
96.71667	2.41940
96.75000	2.41183
96.75000	2.41119
96.75000	2.41006
96.75000	2.41199
96.75000	2.41264
96.75000	2.41022
96.75000	2.41264
96.71667	2.41522
96.70000	2.42263
96.66667	2.43245
96.56667	2.45404
96.40000	2.45951
96.26667	2.42617
96.11667	2.33467
95.98333	2.23529
95.90000	2.13654
95.80000	2.25091
95.71667	2.17407
95.60000	2.15152
95.50000	2.13606
95.41667	2.14089
95.35000	2.45371
95.31667	2.52089
95.26667	2.55584
95.20000	2.52169
95.15000	2.48770
95.11667	2.46918
95.08333	2.38171
95.05000	2.35384
95.00000	2.26863
94.95000	2.25397
94.88333	2.04408
94.81667	2.04666
94.78333	1.74318
94.71667	1.85046
94.66667	1.96016
94.61667	1.97949
94.56667	2.04972
94.55000	2.10400
94.51667	2.18487
94.50000	2.18181
94.48333	2.23980
94.46667	2.26299
94.45000	2.42875
94.45000	2.47997
94.43333	2.54537
94.43333	2.59595
94.43333	2.60336
94.43333	2.60384
94.43333	2.60046
94.43333	2.59901
94.43333	2.59756
94.45000	2.61303
94.45000	2.59982
94.45000	2.59515
94.45000	2.59096
94.46667	2.59192
94.46667	2.59354
94.46667	2.59273
94.46667	2.59595
94.46667	2.59080
94.46667	2.59386
94.45000	2.59128
94.43333	2.59595
94.40000	2.58951
94.36667	2.57437
94.30000	2.52379
94.20000	2.42552
94.08333	2.26976
93.96667	2.07420
93.85000	1.82742
93.68333	1.46612
93.56667	1.41376
93.46667	1.12849
93.36667	1.18615
93.31667	1.09611
93.28333	0.97627
93.23333	0.84160
93.16667	0.72208
93.08333	0.57340
92.96667	0.49383
92.86667	0.54215
92.76667	0.85819
92.73333	1.26734
92.68333	1.22192
92.61667	1.51734
92.50000	1.31953
92.41667	1.71257
92.40000	1.74012
92.36667	1.80890
92.31667	1.80970
92.30000	2.00864
92.30000	2.09240
92.33333	2.12285
92.35000	2.10561
92.36667	2.06647
92.36667	2.05697
92.36667	2.06325
92.36667	2.06099
92.36667	2.03796
92.36667	2.05713
92.36667	2.08854
92.36667	2.05793
92.36667	2.04456
92.36667	2.03699
92.36667	2.06438
92.36667	2.09337
92.36667	2.53796
92.36667	2.65217
92.36667	2.64540
92.36667	2.54843
92.36667	2.61206
92.36667	2.64105
92.36667	2.66618
92.36667	2.66151
92.36667	2.61013
92.35000	2.60964
92.33333	2.59192
92.28333	2.51412
92.20000	2.38928
92.10000	2.22514
91.96667	2.00542
91.86667	2.04054
91.75000	1.84015
91.61667	1.78748
91.46667	1.46064
91.31667	1.36012
91.16667	1.25816
91.08333	1.17359
91.00000	0.94840
90.90000	0.98819
90.81667	0.94743
90.76667	1.15410
90.71667	1.28007
90.63333	1.30922
90.55000	1.23867
90.48333	1.18326
90.36667	0.95951
90.28333	1.13026
90.23333	1.22562
90.18333	1.16747
90.11667	1.04666
90.03333	0.93148
89.95000	0.72675
89.90000	0.59627
89.81667	0.42649
89.68333	0.26026
89.58333	0.23899
89.41667	0.23513
89.26667	0.73319
89.20000	0.88268
89.20000	0.96499
89.21667	1.13171
89.25000	1.21354
89.26667	1.22884
89.26667	1.23045
89.26667	1.22884
89.26667	1.23142
89.26667	1.23706
89.26667	1.23899
89.26667	1.23867
89.25000	1.18954
89.21667	1.11544
89.15000	0.96982
89.03333	0.69324
88.81667	0.35272
88.65000	0.26799
88.53333	0.26622
88.43333	0.27234
88.30000	0.27765
88.13333	0.36850
87.98333	0.56953
87.90000	0.68374
87.83333	0.73931
87.80000	0.74495
87.71667	0.74431
87.65000	0.76831
87.60000	0.70565
87.55000	0.66634
87.53333	0.63445
87.48333	0.60159
87.45000	0.56969
87.40000	0.54022
87.33333	0.49350
87.28333	0.45211
87.21667	0.41538
87.15000	0.41457
87.06667	0.40426
86.98333	0.40233
86.90000	0.38526
86.83333	0.39234
86.75000	0.40217
86.66667	0.43181
86.60000	0.40974
86.51667	0.41071
86.41667	0.39492
86.35000	0.41328
86.31667	0.37140
86.25000	0.34209
86.18333	0.34611
86.13333	0.37269
86.11667	0.42440
86.08333	0.43487
86.08333	0.49914
86.08333	0.52878
86.10000	0.57018
86.13333	0.57485
86.13333	0.56696
86.13333	0.56373
86.13333	0.55745
86.13333	0.55697
86.13333	0.55665
86.13333	0.55971
86.13333	0.55600
86.13333	0.56148
86.13333	0.56293
86.11667	0.57324
86.10000	0.59708
86.08333	0.63735
86.03333	0.63767
85.96667	0.71129
85.85000	0.95387
85.68333	1.10030
85.51667	1.27588
85.40000	1.48222
85.31667	1.57758
85.21667	1.70403
85.11667	1.75510
85.03333	1.80970
84.95000	1.89540
84.83333	1.93793
84.73333	1.94646
84.66667	1.95001
84.60000	1.92681
84.55000	1.90813
84.50000	1.87575
84.45000	1.86479
84.41667	1.85207
84.35000	1.79424
84.30000	1.77233
84.26667	1.71289
84.21667	1.69566
84.18333	1.69050
84.15000	1.66715
84.10000	1.65233
84.08333	1.68841
84.03333	1.64025
84.00000	1.65635
83.96667	1.65442
83.91667	1.60449
83.88333	1.59595
83.83333	1.62720
83.80000	1.67182
83.76667	1.78425
83.73333	1.98673
83.68333	2.03280
83.63333	2.11238
83.61667	2.17311
83.60000	2.17085
83.56667	2.27540
83.53333	2.33371
83.50000	2.35723
83.48333	2.36544
83.46667	2.36802
83.46667	2.34982
83.46667	2.35046
83.46667	2.36882
83.48333	2.35755
83.48333	2.34531
83.50000	2.32984
83.53333	2.21934
83.53333	2.20790
83.55000	2.20114
83.55000	2.19421
83.55000	2.19292
83.55000	2.19212
83.55000	2.19163
83.55000	2.19083
83.55000	2.18922
83.55000	2.19485
83.55000	2.19131
83.55000	2.19292
83.55000	2.18986
83.55000	2.19131
83.55000	2.18938
83.55000	2.19002
83.55000	2.19163
83.55000	2.18954
83.55000	2.19308
83.55000	2.19147
83.55000	2.19260
83.55000	2.19389
83.55000	2.19308
83.55000	2.19179
83.55000	2.19260
83.55000	2.19308
83.55000	2.19163
83.55000	2.19598
83.55000	2.19534
83.55000	2.19163
83.55000	2.19340
83.55000	2.19453
83.55000	2.18777