Polarization of Light 'theta' Data File Mon, Mar 9, 2026 4:31 PM
Sensor Position (Radians)	Light Intensity (Volts)
0.00000	3.25591
0.00000	3.25640
0.00000	3.25624
0.00000	3.25430
0.00000	3.25704
0.00000	3.25753
0.00000	3.25463
0.00000	3.25688
0.00000	3.25511
0.00000	3.25785
0.00000	3.25753
0.00000	3.25624
0.00000	3.25881
0.00000	3.25914
0.00000	3.25495
0.00000	3.25720
0.00000	3.25543
0.00000	3.25624
0.00000	3.25608
0.00000	3.25769
0.00000	3.25640
0.00000	3.25575
0.00000	3.25382
0.00000	3.25624
0.00000	3.25930
0.00000	3.25769
0.00000	3.25736
0.00000	3.25591
0.00000	3.25720
0.00000	3.25527
0.00000	3.25817
0.00000	3.25736
0.00000	3.25575
0.00000	3.25865
0.00436	3.26751
0.00436	3.26912
0.00436	3.26848
0.00436	3.26784
0.00436	3.27251
0.00873	3.28443
0.03491	3.39880
0.04363	3.44229
0.04363	3.44310
0.04363	3.44229
0.04800	3.46565
0.05672	3.51236
0.06109	3.52573
0.06545	3.54007
0.07418	3.56584
0.07418	3.57809
0.09163	3.63221
0.10908	3.69665
0.11345	3.71308
0.11781	3.72629
0.12654	3.75383
0.13090	3.76301
0.13526	3.78009
0.14399	3.81279
0.15708	3.84968
0.17453	3.91250
0.20508	4.01044
0.21380	4.04089
0.21380	4.04830
0.22253	4.06151
0.22689	4.07681
0.23998	4.12014
0.25307	4.15768
0.26616	4.21357
0.27053	4.22405
0.27489	4.23226
0.28362	4.25272
0.30107	4.29831
0.32289	4.34728
0.33161	4.37579
0.33598	4.38658
0.34034	4.39125
0.34470	4.41236
0.35343	4.43282
0.35779	4.44490
0.36216	4.44780
0.37961	4.47728
0.42761	4.53092
0.47124	4.57747
0.47560	4.58891
0.47560	4.58569
0.47560	4.58424
0.47560	4.58343
0.47560	4.58311
0.47124	4.58166
0.47124	4.57989
0.47124	4.58070
0.47124	4.58053
0.47124	4.58086
0.47124	4.57860
0.47124	4.57892
0.47124	4.57844
0.48869	4.60405
0.50615	4.63208
0.52796	4.67139
0.52796	4.67622
0.53233	4.67977
0.55414	4.68138
0.60650	4.65673
0.65886	4.61742
0.67195	4.60357
0.67195	4.60244
0.67632	4.59809
0.69377	4.58585
0.71995	4.55154
0.73304	4.53607
0.73304	4.53607
0.73304	4.53205
0.73304	4.53398
0.74176	4.52528
0.74176	4.52480
0.74613	4.51545
0.75485	4.49838
0.76358	4.48807
0.76794	4.47631
0.78540	4.44892
0.78540	4.44393
0.79412	4.43217
0.79412	4.43265
0.79849	4.41832
0.80285	4.41316
0.80285	4.41542
0.81158	4.39947
0.81594	4.39432
0.82030	4.38223
0.82030	4.37788
0.83776	4.34132
0.87703	4.27205
0.89012	4.23935
0.89012	4.23870
0.89012	4.24209
0.88575	4.25175
0.88575	4.26770
0.88139	4.27882
0.88139	4.28945
0.88139	4.27865
0.88139	4.27704
0.88139	4.27592
0.88139	4.28236
0.88139	4.28365
0.88139	4.27914
0.88139	4.28059
0.88139	4.27720
0.88575	4.26867
0.90757	4.19102
0.92939	4.12675
0.97738	3.98129
1.00356	3.88657
1.01229	3.84919
1.01665	3.82745
1.02974	3.78041
1.04720	3.71791
1.06465	3.65202
1.07774	3.58936
1.09083	3.54329
1.09956	3.50302
1.11701	3.42489
1.13010	3.36690
1.13883	3.32260
1.14755	3.28700
1.16501	3.20324
1.19555	3.08098
1.20864	3.01606
1.20864	3.01348
1.21300	2.98642
1.21300	2.98416
1.22173	2.95034
1.22609	2.91474
1.23918	2.86448
1.24791	2.82856
1.25227	2.80311
1.25227	2.80343
1.25227	2.80069
1.26100	2.76799
1.27409	2.69937
1.27409	2.68841
1.27409	2.68374
1.27409	2.68406
1.27409	2.68197
1.27845	2.67601
1.28718	2.62495
1.30463	2.54956
1.32209	2.47192
1.33081	2.43100
1.33081	2.42697
1.33081	2.41505
1.33954	2.38445
1.34390	2.35980
1.35699	2.28619
1.37008	2.24157
1.37445	2.19952
1.38317	2.16167
1.39626	2.11834
1.40063	2.08532
1.40063	2.07968
1.40499	2.05181
1.40935	2.04311
1.41372	2.02701
1.41808	2.00912
1.42244	1.96982
1.43117	1.93390
1.44426	1.87414
1.47044	1.75188
1.48789	1.67520
1.49226	1.64298
1.49662	1.62494
1.50098	1.61286
1.50535	1.59740
1.50971	1.56293
1.51407	1.55278
1.51407	1.54891
1.51407	1.54199
1.51407	1.54360
1.51407	1.54585
1.51407	1.54698
1.51407	1.54827
1.51407	1.54891
1.51407	1.55229
1.51407	1.55133
1.51407	1.55197
1.51407	1.55310
1.51407	1.54891
1.51407	1.54488
1.51844	1.53715
1.52716	1.50993
1.56207	1.36318
1.61443	1.14894
1.63625	1.04779
1.64934	0.99721
1.65370	0.97562
1.67552	0.89685
1.67988	0.88042
1.69297	0.82759
1.70606	0.78474
1.71042	0.76960
1.71479	0.76058
1.71915	0.73625
1.73224	0.69759
1.74533	0.66119
1.75406	0.62801
1.76278	0.60433
1.76278	0.59370
1.76715	0.58033
1.80642	0.47772
1.87187	0.32727
1.89368	0.26767
1.89805	0.26026
1.89805	0.26138
1.89805	0.25655
1.89805	0.25816
1.89805	0.25881
1.89805	0.25623
1.89805	0.25736
1.89805	0.25977
1.89805	0.25623
1.89805	0.25575
1.89805	0.25913
1.89805	0.25865
1.89805	0.25768
1.89805	0.25687
1.89805	0.25623
1.89805	0.25607
1.89805	0.25526
1.89805	0.25575
1.89805	0.25704
1.89805	0.25720
1.90677	0.24189
1.91550	0.22965
1.93295	0.19599
1.93732	0.18439
1.94604	0.17649
1.96350	0.14170
1.96786	0.13542
1.98095	0.11995
2.00277	0.09869
2.03767	0.06100
2.08567	0.03410
2.09003	0.03136
2.09003	0.03281
2.09003	0.03184
2.09003	0.03088
2.09003	0.03281
2.09003	0.03152
2.09003	0.02943
2.09003	0.03200
2.09003	0.03007
2.09003	0.03297
2.09003	0.03184
2.09003	0.03265
2.09003	0.03039
2.09003	0.03265
2.09003	0.03313
2.09003	0.03184
2.09003	0.03152
2.09003	0.03216
2.09003	0.03072
2.10312	0.03007
2.10749	0.02572
2.13367	0.02524
2.15112	0.02653
2.17730	0.03700
2.19039	0.04183
2.20348	0.05391
2.22093	0.06486
2.23402	0.07566
2.25147	0.09531
2.28202	0.13059
2.31692	0.18197
2.31692	0.18535
2.31692	0.18696
2.31692	0.18455
2.31692	0.18600
2.31692	0.18503
2.31692	0.18519
2.31692	0.18713
2.31692	0.18262
2.31692	0.18117
2.31692	0.18197
2.31692	0.18535
2.31692	0.18374
2.31692	0.18374
2.31692	0.18213
2.32129	0.19212
2.35619	0.25172
2.36492	0.26976
2.38237	0.30890
2.41728	0.38477
2.43037	0.41924
2.44782	0.46209
2.46528	0.51912
2.48273	0.55890
2.49146	0.58983
2.50455	0.62833
2.52200	0.67939
2.52200	0.68873
2.55254	0.77330
2.57872	0.87188
2.60927	0.96869
2.64854	1.10545
2.66599	1.18744
2.67472	1.21998
2.68344	1.25413
2.70090	1.31631
2.70526	1.34917
2.71835	1.40442
2.73144	1.44824
2.75326	1.54070
2.77071	1.62575
2.77507	1.64347
2.77507	1.64395
2.77507	1.64556
2.77507	1.64105
2.77507	1.64846
2.77507	1.64588
2.77507	1.64218
2.77507	1.64025
2.77507	1.64121
2.77507	1.63348
2.77507	1.63509
2.77507	1.63332
2.77507	1.63380
2.77507	1.63493
2.77507	1.64170
2.77944	1.66521
2.78816	1.69695
2.81871	1.82098
2.86234	2.02974
2.87979	2.09933
2.88416	2.12140
2.90597	2.23126
2.91034	2.24672
2.92779	2.32968
2.93215	2.35996
2.94961	2.42359
2.96270	2.49431
2.97142	2.53184
2.97579	2.55165
2.98451	2.58097
2.99760	2.65265
3.01942	2.74367
3.03251	2.80504
3.04560	2.87978
3.04560	2.87575
3.06742	2.95565
3.08487	3.03330
3.10669	3.11851
3.12850	3.22853
3.14159	3.29425